No Rules
6008 424 8561
105 2243 6411 9889 9514 9474 5730 7582
4989 2476 2917 2350 9534 1012 8153 1296 2630 3963 1357 2839 5962 1380 8315 2588 3087
6134 8554 1650 9862 1741 8447 3567 4254 7582 4060
1824 7129 7353 2104 5658 5827 2855 7707 2448 8238 1692 4288 5442 8542 9694 7837 768 1188 1590 6789 2236
5135 9644 8143 3920 4047 1907 4461 1515 8318 6352 4576 7200 9156 4909 257 8412 578 6936 2682 4718 4317 2096 3404 7439 6562 1067 2292
5242 8631 7206 9650 6670 2788 6342 2026 619 3290 9005 6398 1253 8962 8190 1866 7308 4177 3938 7300 341 4562
8494 3765 397 6550 6457 4430 3968 9924 4402 6691 8090 101 1218 4890 6336 4409 1652 4302 2186 9911 6491 9643 2180 9008 5335 3073 8952 3783 5842 2939
4059 3874 9761 9968 9600 9673 405 5616 5639 5706 5772 9836 1245 3533 8520 8846 715 8003 8750 9974 9188 8762 8039 7122 3463 7589 1441 9524 9039 9655 5566
3964 4563 8429 7523 9487 2601 9725 9319 6313 1870 7983 5456 7486 5547 9551 6542 4866 728 2977 4962 4305 4648 3370 4602 6380 7817 9075 1969 6239 4615 6872 4746 9905 3763 3202 5020 5299 1995 4684 7886 231 492 446 196 4266 6304 5618 1900 2101 1256
6412 4351 1644 7611 2993 470 2355 7254 2968 3879 3568 2333 9420 3254 3702 7088 3880 5052 2048 2382 1239 7004 3250 9905 6445 5221 7146 260 5435 4774 704 4597 2849 2130 2392 3812 5076 1761 3025 2994 7679 5851 2024 9349 3693 5303 3285 9988
7884 2997 5444 6214 3914 8465 9844 8650 2126 7479 173 6494 1538 3139 7765 1213 1952 4449 8805 1053 9636 518 7536 3931 5409 5217 3064 8115 5138 4640 3270 3670 4140 7482 9876 7935 2573 69 4554 3631 5159
5856 6841 6487 5351 7778 9815 1916 2073 5545 5411 9315 8700 5171 3697 2460 4824 8126 7285 9797 1668 7639 5390 3553 7529 7180 843 4256 572 3165 9114 9973 7898 743 9927 9778 1162 3263 9425 9027 223 5349 4967 5054 7613 5703 1512 574 4750
1640 7213 1372 1988 2031 284 1020 4069 531 3493 6124 310 4862 5823 5572 1165 5377 234 517 1834 8225 5097 1507 3986 2481 9861 6325 2964 6731 7902 4054 4518 7967 7819 3643 2623 1190 4580 2712 3453 9182 4613 7858 7412 9087 6805 559 7411 6872 4336 5058 2055 8082 6087 5143 8955 8155 8805 5935 699 8673 7295 3877 6371 9476 2407 1787 97
2961 4357 7180 8536 9831 2313 2670 8543 5576 8183 4956 7368 4336 1880 7075 7930 1534 3485 2370 80 9787 1897 3594 2608 6880 5338 1484 2342 2800 6596 1255 9316 7549 1499 8151 8858 4074 7229 8166 5738 3423 2598 7671 1569 2845 3377 172 3054 1751 1966 5313 6006 8056 9605 3971 950 4227 305 1540 3444 103 6630
7564 6410 7448 3299 8129 5093 5552 9632 7988 6808 6366 6270 9967 1636 3616 5309 7880 2280 4998 9878 9178 1470 4347 5922 4605 8819 7750 1758 7829 3256 8088 5468 8038 3474 7492 7323 6531 1119 6974 344 9914 7817 9202 1078 9708 9595 4570 1650 3686 748 4466 48 2928 5277 6146 5455 7158 704 7931 4617 5087 5413 7528 7731
4931 2881 2408 9442 3662 4674 2509 9004 7625 295 2491 6104 506 5806 5394 824 6367 1529 5481 678 721 6253 2714 6841 9782 5505 919 3724 2793 2472 5467 6629 5659 9206 6789 3462 7276 8062 2809 8690 697 2821 6152 9297 2113 331 4055 3926 9389 6397 32 4162 753 5001 8397 9944 2410 3750 8876 6312 376 7700 1947 449 4878 1078 9187 4031 5743 6678 2174 7196 7803 8662 8941 6822 663 5499
8548 616 536 7152 6931 2311 65 5909 4219 8287 4779 4896 5074 5326 170 6847 6762 2310 3663 3537 1132 8223 7020 7703 8032 7615 5875 3664 5359 8316 1376 9296 408 7879 333 8236 3349 2328 1399 4954 7680 7231 1864 5238 3979 8713 5558 3602 4978 397 306 9187 6751 4119 6070 4137 4643 1343 388 546 645 238 9209 7975 3140 2293 6801 9040 7069 9948 9055 2298 6173 9599 5537 5299
3290 7630 669 9690 3973 5118 7099 882 5478 3180 2645 6826 1073 4192 5424 42 9479 9534 4621 451 7554 8446 9869 9226 6687 6150 8574 6721 8471 1333 2005 8252 2185 9347 327 3164 4238 9875 2274 8234 584 5651 630 5479 415 4410 5957 9785 5102 9646 5207 3932 4003 6353 5596 1089 591 843 3704 1864 5008 2340 5658 6185 1211 1484 1405 3567 8441 5652 1858 5033 1731 756 5399 421 5965 7374 6238 4930 101 9596 3338 5893 2751 155 7681 8241 7068 8841 6614 6487 7421 5138 3177
7667 7174 5651 9737 8392 7621 7771 5168 309 8388 8882 5600 8118 3670 4118 8860 8572 4540 3728 3519 9762 5759 3507 251 1880 1747 1038 4377 4294 5242 8632 4809 6055 1851 2216 5632 9818 3153 8360 4275 640 2779 2337 734 4448 6893 9714 4548 8584 4322 7645 2000 2695 5419 4140 143 6491 4177 3498 3151 9894 4447 3180 1894 4085 7579 2011 6098 6206 1664 7660 733 7056 2711 5148 7320 7391 7547
9140 579 6877 3670 5047 9436 9394 3389 8086 9443 3675 9187 2628 1503 448 4951 7161 2286 2761 416 4579 4101 4167 3904 8112 6341 7719 7326 8864 978 6536 6741 5429 9166 3232 5446 6391 4009 828 2469 6043 5036 3269 4117 1222 2194 8090 8171 7216 5549 6322 4388 6765 576 1581 9079 8880 7747 5294 8964 898 8311 5076 8241 3028 5789 1727 6112 2709 5025 5304 9598 4113 5808 3136 5060 8702 8354 9244 3117 2173 7560 359 3989 2863 6758 7190 488 2800 3217 3689 1466 9291
7550 5142 7724 2518 7607 1303 1822 5644 3027 7421 1582 8937 7890 4679 2375 2153 3377 9221 4517 2108 1781 4286 6461 2523 2025 4607 3834 2744 2159 1307 3145 6586 7951 1267 4574 9019 6351 4163 8519 8691 3509 5533 289 5303 5796 339 1836 2304 9031 9751 2538 9499 5214 2814 2238 7496 8927 6265 5375 6739 1715 2588 3021 774 9371 8518 590 1069 925 3289 3892 4774 6189 3180 9528 5928 135 1581 5140 5244 1936 9913 1382 7875 8334 3716 5804 512 2707 7328 728 1725
2339 9348 2696 4843 2802 2033 9078 2240 5529 1372 5962 2002 5950 4269 1301 8031 8583 6943 1815 5721 2435 1816 9631 2840 196 3503 7096 2854 4103 3271 2289 2705 1533 6131 4625 3493 3538 1315 6855 6685 5535 6485 3191 1202 1896 8878 6241 2132 7388 7958 5438 4491 9802 2853 2237 9530 1219 7422 7184 5332 7850 7864 3814 9997 8664 1302 7065 3551 4873 3356 421 2126 2549 8832 5685 7834 114 3953 4402 3384 7785 8515 3560 651 9524 9516 7923 1086 7962 296 4817 9822 3852 5868 7380 7863 4841 9098 8281 1327 6644 5079
6030 2421 6557 5916 8193 6513 3297 4523 6415 6574 2905 8899 9208 4227 6194 1446 1142 8478 7677 3148 3357 7857 1059 7167 8813 1843 8039 2520 9120 4301 3075 8491 8094 6676 3901 2961 3730 1568 573 1305 6584 488 4633 1957 5355 7939 4083 8655 3640 9946 7387 7070 2337 5499 2894 509 6717 9228 8126 3561 1731 457 7697 1294 4666 1300 356 8210 2889 2136 8775 5958 5793 9746 5393 5570 801 6216 8715 9941 1034 4042 3299 6456 2418 3537 1438 517 1284 8398 7426 1131 6743 9456 2943 2227 6838 4621 5700 7357 6090 9135 3026 1197 4559 2722 9969 9278 3651 9422 5040 9575 4511
4017 6512 8242 1485 1682 9241 7177 2364 6623 2236 7425 1699 4627 3413 9294 7556 2821 7518 497 4411 6347 4496 9738 7400 7141 4615 422 4394 6197 7373 1813 5768 17 9237 1302 7407 7605 1005 8177 1203 822 342 3411 4647 7747 9005 5148 7291 5161 987 2846 5116 2393 4324 2097 8261 1311 8247 135 2156 6644 1340 2140 3489 1643 4185 7189 6424 9176 1873 5870 8124 4041 2295 3516 1299 8235 3019 3672 1865 6229 1927 4440 8249 9175 394 9952 1832 4260 714 2336 7290 9120 830 8084 3811 8584 8693 800 2479 6899 8561 6768 7796 8015 2878
8739 3283 4414 4223 9336 9835 2081 7107 251 5207 9768 8814 525 1243 17 4490 881 2224 2358 6248 6071 2067 9313 3547 2284 788 6123 9803 3830 5612 5116 6425 1225 9254 6919 8643 5961 7157 4535 5081 9035 8091 3759 9631 3319 7648 3837 73 4872 5920 1745 6743 5525 268 3149 2865 3798 9195 9947 98 6019 3518 9341 5185 1923 5937 2633 1465 3053 4965 1519 8525 2359 6290 5470 7005 6125 1699 5896 2126 231 4962 4229 5262 5857 704 7284 8125 4341 5652 5794 845 6417 6220 2170 8789 999 759 3632 2074 9731 8279 4805 914 4643 3163 3771 2475 1256 6555 8912 3364 9864 3522 8331 3302 1538 1786 524 3737 7448 946 2546 5851 9419 6667 4794 2895
6677 1168 8389 2432 8694 4876 1478 8630 4852 8386 1985 5797 3107 5444 694 6896 3222 9256 8920 753 5487 4124 3514 2174 1626 2516 1262 3638 4502 5230 4917 8002 2959 3684 3220 4423 2325 4637 9927 6555 7419 496 9900 4431 4933 5229 7529 7307 4149 3247 8987 7459 3710 4949 3329 1043 6511 6324 4215 6944 2950 3920 2144 1104 4023 4172 9082 1872 7158 3751 8582 5767 5104 9933 9498 8688 5736 1426 8865 455 5004 4 5411 8232 1393 6429 5418 3773 1670 3840 5653 6659 9365 1111 7614 9506 4887 4209 6595 6635 4198 4433 1874 3065 7782 5718 2227 7301 9340 7674 7618 2565 7230 1219 9132 3586 3512 591 1802
7601 4834 5236 3746 2918 75 6411 4419 8293 4800 5870 4943 2486 80 5928 4464 2778 7938 8397 2791 510 8942 9000 1009 879 7468 673 8654 2554 8509 862 4024 4601 9847 9608 695 4247 6333 8046 5908 8459 929 6933 2496 8409 2083 1568 8492 2005 3149 8167 6866 4707 8559 8087 9120 7929 4185 7900 1906 5787 2239 6572 2290 2345 4057 5422 2904 4360 2435 5580 6833 3767 5674 8113 3576 9363 2683 7466 9211 2448 725 1064 3996 5659 9356 8086 2189 7138 4969 3374 1327 8253 1798 6861 5039 660 6594 7215 8676 3536 1938 8083 5450 1352 465 9127 4325 9006 3262 79 461 4400 3815 9331 2058 4986 1887 3610 2744 1799 2844 4143
8181 9237 2851 9877 4251 40 7824 7168 9896 1839 8187 2717 7139 7342 2786 1234 1254 6847 629 7072 8950 3284 6646 1548 209 3536 9781 3513 9881 3113 4034 4140 8462 3091 8699 8506 9509 5274 7146 5011 591 2335 5472 334 3291 8575 6039 9569 3833 813 9131 4516 4358 2189 6227 3992 1364 2295 8354 7517 2074 4134 4847 302 1455 692 7257 8678 5689 2988 4859 1728 9365 8225 2077 5053 4649 2003 5077 2853 1664 1310 8608 9787 5612 4620 2539 1811 4991 100 7514 6206 3795 7073 358 2 8310 8421 2125 2356 656 1374 3517 2894 3973 9897 1465 9917 4912 4526 2376 6850 3309 3014 2779 8494 3325 412 288 720 8047 9531 8798 9314 9535 4291 3589 7675 3488 5037 2782 5479 1005 7745
9408 3759 2460 8301 4659 4514 174 7419 2132 897 7660 8819 8236 176 6408 5855 6504 2031 6397 9863 6901 547 7773 8028 2790 4155 9063 6644 5110 9280 5220 4171 4686 4241 6 8804 3983 6182 3089 4839 3515 4866 8953 648 6427 3788 6824 2155 6593 8339 3549 9402 6202 4104 84 4237 7844 6682 1616 8927 2009 3070 2517 2913 3390 6802 4585 586 4289 2577 7467 6533 2698 4610 4039 5966 9215 2038 2967 3917 3928 2761 226 3403 6230 4375 7349 1700 2865 7463 8604 7370 6145 8954 4550 4563 148 9923 2646 7310 8193 3787 9553 4739 5965 6246 9683 434 8573 5548 620 1967 3151 6227 2185 7923 9882 5716 570 4635 4649 3297 9229 5304 2094 7165 778 7145 2756 8596 5505 200 4679 2657 3505 8933 3982
3912 2831 9920 7839 2860 3426 7491 8422 1184 9634 7268 6692 2688 8124 7788 9442 9034 8389 2633 2166 9121 5698 4115 72 7767 8254 1795 2310 8980 7992 6476 6329 8405 2790 6419 9484 5171 9368 8230 5956 423 1837 8938 5592 2389 8827 2899 7794 7308 2072 4618 2483 7818 4844 3849 7292 1574 8445 5644 3518 553 1310 6915 2874 5689 3891 934 4983 2721 7252 9293 5815 5847 5799 3723 8382 2526 3811 5308 8120 6676 375 9261 8354 4688 2625 1489 1580 1841 957 5475 5766 9319 8606 3873 1444 7343 7057 4221 264 228 6241 514 76 6960 9555 3335 3216 9163 130 5536 6760 4628 2154 2114 8584 4724 8836 7464 9917 7718 1744 4512 4985 4096 8622 1480 1955 7644 8011
3730 1757 1998 1487 9727 771 5296 6816 3865 1821 7824 5297 3500 5415 7740 3063 4202 9287 1037 1019 4211 6935 6976 7127 5727 2320 3009 5268 8487 493 5322 5244 9772 131 8478 6761 6896 9944 6730 6614 4125 3585 3893 9179 680 8713 8826 3306 9191 6747 5210 605 762 1297 1640 8543 7065 7884 5613 5473 2855 4871 6383 4016 3532 9180 1853 9232 8763 3203 9745 6742 1602 729 3378 5009 2597 3240 6724 4106 1159 2314 8788 5530 2604 7612 4086 2731 7404 386 1641 2941 7579 679 6756 5314 5454 6232 2012 8860 9017 583 7753 5903 7099 3852 5245 2682 692 3672 3029 5482 2449 2260 6717 3767 4343 3639 2402 2488 4831 9254 2967 9424 691 780 9249 4513 5632 1644 8613
8358 6220 1305 9027 3453 9968 5280 3467 5233 9199 2941 9466 4401 1395 5125 7752 8940 3943 1624 1983 652 8511 4095 4573 3321 1407 132 5070 2343 5291 1769 9592 7251 7889 4149 2686 6615 4665 2804 8338 9480 2296 4926 4727 316 9476 5934 9361 6435 1580 5270 5441 4955 6339 7206 8553 5561 7678 4065 1435 9109 2703 1285 8170 1199 4701 1154 5961 8132 7519 8545 4683 8666 5880 3005 1801 3251 3352 4671 4510 4716 2935 5153 5832 7617 3260 5061 5468 7275 7794 8385 6947 1842 8243 2996 4506 546 1696 8633 9796 7246 8264 6867 1963 211 217 1023 1433 421 1432 2850 4935 3400 3075 1258
7722 9383 4889 3846 1024 1090 1589 2739 1443 8395 7592 5772 7424 7767 9240 3082 4576 3835 6494 3399 2147 4268 5057 9244 4947 6075 4161 6516 4900 3573 4371 430 6947 3272 8740 7168 7704 5123 2296 3017 7394 1011 7040 2613 5270 6770 9739 2650 8783 6922 4592 6275 4817 9781 8151 9340 1430 7598 8932 3373 8859 8447 1898 7696 6180 2190 6542 4237 1873 316 1278 5974 2806 5689 5051 7330 2793 8477 2338 8667 4141 661 1315 4369 2720 505 3279 7720 6776 2320 5601 2588 5329 6765 7667 9110 4061 7888 6419 9301 6166 2217 749 7462 8004 842 1214 4087 9033 2466 5037 5618 6851 5233 1641 7301 547 3209 8011 1070 1648 6047 837 4003 5629 398 3440 3998 656
843 438 7020 7839 3456 1184 2680 6690 1854 7532 6228 9860 6047 6307 2568 4929 6172 2352 2699 4304 4940 7595 3738 3160 2629 1232 1486 9526 6569 3102 3472 7053 6764 3991 3319 8651 8869 3746 1755 5193 4848 7493 33 8608 7008 4978 7800 5960 4281 4243 8995 6965 2174 6190 5371 6234 8245 7868 6958 3440 9645 9104 3078 5758 7415 111 862 5180 8589 5563 5440 8101 9666 5882 2282 203 6174 7221 7063 4382 216 9185 5986 7995 7499 5588 4550 3362 2600 5707 1645 1590 36 5744 1004 7599 1180 3516 5642 4057 4498 1561 8696 4589 9138 38 3703 7905 2090 5594 7271 1203 6896 5303 6881 4182 3424 6119 680 5429 3960 4385 1766 5672 1353 2948 5948 9772 5403 183 4352 6371 760 214 9337 8938 1150 6224 8524
658 6888 9801 4052 966 6979 1659 4555 6056 9747 7124 3309 237 7215 3725 716 4304 6111 9139 6121 5225 5128 6287 2193 2466 4801 3740 6359 8666 1614 2574 8150 2182 5310 2160 2853 1670 5223 8568 4199 8864 7958 4386 9041 8940 6316 2618 4855 1026 9843 5472 5980 8498 3186 5458 5006 6239 8529 171 8467 9385 3936 9172 8295 7234 457 4642 7766 4537 8934 2305 4020 1611 6417 4323 3536 6254 5660 1364 83 5160 9047 534 5048 3732 9659 4689 1119 7729 1423 4437 5783 9165 1253 3398 2353 5468 5486 3209 2935 1028 2966 9754 2539 146 7017 673 3369 8108 9502 4130 6789 7467 1201 3023 3244 8795 9571 9005 4371 8094 6130 629 6506 5884 2260 7493 4319 7316 7652 3793 8200 4430 5820 1733 7264 3908 9932 1506 5648 8391 6729 1848 2900 3245 475 2967 4839 1842 1551 8066 9829 9324 897 4627 3265
9612 7206 9080 1387 7637 3419 7377 7602 5969 9304 5228 7330 5823 5584 6796 8595 4215 5995 593 1199 7385 4622 2322 5072 9074 3654 3448 3637 2059 7564 9711 4454 4916 119 7661 3527 3223 9849 9190 4523 7264 450 8522 2765 5405 9188 3827 1847 9177 9643 2908 3355 115 1699 746 9225 1816 2225 3006 8540 5495 1284 4097 6795 2823 752 6135 1848 3523 5480 6459 9491 3008 4102 8156 5482 2106 2242 5618 9687 6294 2085 9405 5708 9385 4980 9823 960 337 8288 6649 9434 7086 2483 5559 9104 6740 9596 1464 5989 3663 8864 4100 7900 8234 9465 1860 3391 7387 9549 4781 7818 6052 8033 2746 8619 4227 3528 7210 7347 3353 2113 595 5660 7426 6681 8105 7857 6285 9108 3293 6108 54 5795 1803
2659 629 3337 9082 9433 2189 2555 790 1743 9789 7651 3281 2920 8165 220 7683 9786 639 9632 5900 7893 8651 8170 3820 3279 8575 5758 5889 6252 4797 2502 4358 1715 2173 1269 7929 8076 6884 6223 7757 1589 3952 4309 5382 2600 9393 8559 554 5859 1735 4089 1438 1837 3197 7421 3151 3396 1500 4490 5788 2824 1322 9923 7120 4051 2783 3335 5911 6250 7923 6994 1015 5014 850 1181 4698 3477 8048 1518 3683 1893 569 5825 8910 6327 4323 808 5049 1043 698 4750 8956 4872 3294 5265 1227 5709 5403 8661 7989 2158 6842 2874 8612 928 9161 9504 4144 7052 366 4136 7634 675 1730 4775 6508 9557 1509 9296 5848 2553 5886 6588 9890 7127 7409 1214 3036 6689 2908 4603 82 528 9762 4848 8463 6953 3529 2732 8402 1030 3747 990 3606 4715 4234 5056 542 3157 9575 1257 8138 8667 5269 3662 6006 3877 6958 5628 8391 8916 6061 7534 8117 8033
9216 3864 4207 177 4980 5658 2367 185 9382 1831 6216 2954 4004 1546 5405 8943 1195 1370 7713 4359 2847 1802 8483 7452 4135 1175 3029 4501 488 6445 1247 225 5411 926 4178 1104 5085 3665 9998 809 9140 1212 8212 4433 467 585 7732 876 6015 5152 1030 8041 3857 9939 5485 9128 5262 9503 957 4008 5870 1286 3292 1917 810 5547 6736 1752 6898 9002 9379 5228 3106 2610 6451 3385 8098 4368 5039 7909 2421 2456 8515 6135 9456 9067 5184 9266 4910 7570 5694 1892 4711 6664 6425 1934 7882 409 1295 5952 4558 3353 2645 4127 7841 6182 3046 5486 3154 6235 9091 3445 5593 8986 3620 4016 2416 4830 7569 5660 6507 1260 7058 6797 5859 8145 6857 4859 425 5550 456 6654 210 1981 4378 8326 5325 3060 6192 3488 7157 9196 4107 5060 6145 4919 1570 969 3862 4998 5459 5455 3084 8965 1029 6786 1954 3644 5355
6846 9826 8765 482 3809 9533 275 8865 5944 262 9921 9614 9762 7431 1332 5177 1813 9118 2966 3459 3877 4145 2832 5628 9819 8755 7544 3907 3969 3807 1998 7275 8355 2653 7527 5124 167 5954 7458 233 1437 4134 1633 9672 4047 4305 5650 396 4129 3399 1388 3435 3307 3037 9627 322 3005 471 8478 3512 6502 8559 9502 2635 6689 7042 731 4687 6114 8050 3380 4278 5737 9777 3035 5044 1719 8186 577 8060 8550 1397 59 8811 3902 6845 2885 6791 3009 2908 2026 3977 6781 4774 4695 3319 6112 9406 4194 8204 7583 6239 7143 1528 6319 3540 3795 1506 8904 6138 5102 7048 3479 2706 7348 5329 698 6634 697 8748 9364 2830 2387 9110 8231 9981 4219 7518 6768 6519 8228 2041 681 5322 1228 6290 5068 7201 2525 6060 7881 5784 9336 3749 4471 329 7607 1762 2892 3342 5697 17 5507 491 9588 2287 9387 2212 1919 3288 3368 4647 7545 1880
9812 5898 5270 7827 353 9996 5967 6570 6469 4135 533 7224 7512 7912 3281 5685 3583 3049 2318 8329 1285 2139 4754 9801 4300 1742 6776 5306 2056 5566 367 8399 5199 2057 827 2319 6583 9027 240 3486 9401 5190 9933 4102 5622 7257 7489 7149 4650 7477 4236 7331 6567 9243 8305 7603 9734 9690 8607 9025 3629 883 2235 1925 8250 6747 4535 2554 6458 993 8967 733 8837 5140 3003 385 6220 3677 1695 9450 4841 7597 1896 3068 6773 6705 30 5594 5717 7235 812 5858 4458 8021 6551 9382 172 9498 7382 8990 8575 8719 1431 5906 8214 4145 6945 4860 7121 8642 7212 8721 2441 8097 976 4212 6859 4793 214 2581 4139 3814 4309 2029 4376 1990 9353 7651 3365 8027 6998 7457 8309 9234 6153 9384 1875 7755 872 2135 497 3017 6723 2844 4071 38 6317 8095 3351 3993 3416 6330 3760 7249 1648 7468 6615 1919 6721 5547 2978
3984 4219 1830 7541 8485 6088 9459 5477 284 9664 6578 8152 4546 9143 3386 9482 8622 7605 7980 1899 8263 8023 8755 187 192 2728 4778 6210 3134 7163 8899 1650 3791 4310 3956 6670 2805 4671 3675 3410 7062 5905 8233 6716 2772 6931 6492 3658 3240 5055 6511 8404 36 635 4967 9734 6688 5395 2676 6550 7962 5850 2746 2484 3773 9803 7762 2850 6709 605 9201 6696 3113 4114 7386 9878 6680 6432 2427 6107 4158 2969 7996 7231 3399 7991 92 7279 6441 6963 8262 8151 8532 4621 5818 8986 9478 9790 1369 6875 8706 8942 760 4349 9082 5876 4193 3744 5307 5717 6114 440 9248 7442 9690 2349 361 786 7577 5441 6866 4813 2226 5039 6730 3485 4898 8390 9935 2065 1584 416 8493 2522 6082 5187 4151 1836 580 2294 7688 7271 1123 988 2003 6297 3005 1504 6445 3778 9865 2855 7788 5473 3759 8879 7051 5809 3702 2194 7631 9755 8298 8346 7024 7496 1916 4584 1688 7186 3258 5920 5950 2526
6479 5692 111 2259 4378 7156 5855 558 3144 6221 2700 4421 3658 6695 7577 2274 3517 6091 7194 6688 5920 1614 553 6006 9082 4811 5704 5468 5545 9307 9125 3868 3399 1912 4565 4810 5924 4783 8378 5894 8574 9385 6654 8254 9801 9728 3371 7460 5754 8487 4536 606 5200 5264 9363 1803 4122 6273 4056 7329 5186 9745 5472 1285 8339 7719 7448 2939 8497 9633 477 2362 8807 5181 9971 5935 9282 4075 2802 865 7969 6586 7937 9399 1409 4274 2770 6250 2897 2859 7012 1686 7226 9782 9893 7472 4737 56 3296 7305 7891 2656 9569 7196 8364 5635 4490 5222 7069 8336 5062 3454 9365 253 1078 9287 2112 8117 436 8214 5413 5440 7948 642 5539 5863 4174 964 1814 2284 6608 7715 7505 7565 9131 8278 2419 8073 5994 4896 5691 8989 5261 4784 5419 2577 4965 2795 1280 3816 9266 1522 9043 2894 987 3273 3111 7162 6476 4501 1648 8425 2313 3298 287 5758 7123 4696 3866 9100 7063 1270 6761 4650 1141 2380 5519
102 7802 5878 458 3129 5689 6513 8015 750 1107 8016 1802 6445 424 3736 1442 5699 1234 9580 2725 337 2478 567 1604 3510 8433 2280 4256 8104 1395 4543 784 9632 2590 2259 7179 8290 2814 2316 2712 7473 9676 7994 7937 9300 4756 3862 2004 8509 4681 2002 7637 4891 1958 2796 9053 8797 8678 398 4848 1422 2635 7177 3183 3612 4701 4277 6076 2289 8300 4539 5109 4407 968 2728 6510 7981 858 7642 5414 5197 7678 1387 83 7415 1137 6658 8615 5983 9612 9637 9021 7734 2193 8118 550 1421 8818 3098 4197 5477 6729 1590 6730 5419 4414 3647 462 26 17 2462 7349 2317 4071 6760 3275 243 2549 2519 62 6864 3905 1589 2614 3097 6304 5252 5814 8297 5923 2404 848 3997 4286 7162 5753 3408 3009 2672 2862 8675 6134 8556 8589 7278 2585 2730 7847 7957 1800 4618 5851 9099 764 5358 1498 4967 1070 8268 2170 6630 6901 8419 6522 9989 3369 1133 4658 6067 6704 3067 1282 1174 2584 3784 315 423 7776 3911 6935 1096 7322 3073 1203 9079 2967 7555 4804 8323
8941 3952 3075 179 2279 5714 4997 393 8523 4866 7881 2094 200 9685 1200 2418 863 3790 3442 2794 6478 4479 1853 879 818 7798 4957 3327 7742 6128 9696 4687 1397 1682 5135 2130 528 4721 4268 5078 4010 5625 5505 5849 7192 470 9205 2017 2898 6858 5063 4764 2733 3726 4306 4457 6174 7484 7223 3388 7924 220 9244 1642 4408 5601 4376 2204 693 211 2973 4690 4259 9319 4048 3752 2863 3251 3309 2349 6754 915 4328 6031 6245 3452 8422 8711 9894 3903 1138 7970 6653 1876 4119 9256 6423 7049 9307 4956 8539 8051 2123 7364 25 8132 3857 4343 5425 4977 1756 7359 6378 2655 8646 133 9714 235 5098 7012 8378 5873 8669 9287 4445 270 9956 9376 2735 9963 8839 8473 7250 4798 9215 5583 2741 5858 1593 8985 5996 7885 3119 280 6972 8907 6322 2135 5182 851 1263 8893 8725 5783 8299 4351 4297 4752 4419 8651 4 2178 8665 2929 2901 4402 2218 6763 8987 3646 4103 706 9135 902 3640 4008 5533 3608 7799 4198 9291 4319 2549 1372 606 4488 7050 9278 1495 5954 4713 2556 4092 2788 9082 202 9268 7903 9085 9457 8580 2909 1997 4942 271 8803 1918 6935 8920 7704 4090 785 9421 1385 1326 7071 640 3052 2529 9105 3771 3500 539 7183 431 112 6125
3828 3508 9621 1944 4117 9164 1947 7507 4004 9634 8708 1991 5783 3598 2796 9752 1228 3564 6631 8912 8423 3173 1566 4253 1795 978 6402 977 4280 1877 7166 1927 1237 6981 4562 5205 3619 2902 1423 8724 3051 9858 2842 1407 4665 6134 1306 8458 8542 2115 4494 4589 9977 7621 4681 4 5517 9086 7153 4654 8873 207 7422 4515 9763 3933 9274 7754 3132 7087 3254 8375 8392 5262 470 4628 5539 2976 7001 4905 8057 4613 2473 6018 3351 2984 5713 8074 8683 2843 7332 3283 2566 3334 3385 6335 4052 1553 2565 9334 4477 559 5833 9533 2105 682 1448 1882 7787 4173 3555 413 4776 2851 9467 8520 3454 4186 8001 6753 1132 1204 9200 6584 8691 7909 6990 330 8630 9591 1010 8747 6786 9351 2621 5446 4403 1742 13 3650 689 1311 4917 9947 8018 1440 5999 8459 5610 4326 7436 7951 975 4030 7110 3807 7504 7466 2337 6806 8451 936 4409 6397 7017 7831 8622 5066 6016 7315 3587 303 7528 1141 5798 5559 1379 2323 5031 7106
3432 5588 6224 5780 9848 8629 1486 377 1583 2032 3991 6527 666 1880 7054 7773 3133 9320 3061 1902 2000 2257 6697 8332 8030 9257 2373 1167 1006 7526 3737 2556 8073 3842 6683 7881 2580 2249 7920 949 5245 6323 6800 4862 8499 6238 9969 6170 1033 2862 2870 2964 5605 2712 7917 8963 5163 2077 259 2010 7369 9849 1265 1394 3588 5402 2099 142 8901 8959 8856 6067 6488 2169 1509 8784 5713 2227 6712 1034 84 5394 6625 8039 9106 6516 5562 8349 2111 7164 1531 7195 8068 8373 6038 1077 4612 2812 2566 6657 1274 5523 7898 1825 3889 8651 9043 2972 6660 5067 6111 1415 6215 3522 6548 2753 6434 7892 8597 1165 4906 6080 7270 934 8591 87 1946 9592 4791 9906 251 1402 3964 6767 6781 9118 5102 4855 5548 4096 2768 9859 9983 1886 6035 4201 3230 988 4057 8895 8871 5435 4390 1432 4181 4043 649 3170 7651 8799 2470 9878 7656 1423 6259 6060 6379 3218 4621 6414 7315 1640 7819 8563 8873 9446 4996 6993 7566 4144 3129 1889 7825 7811 9252 256 9810 2662 1754 1232 5569 6916 4533 7199 4531
1913 4592 2972 523 2565 179 8603 992 5184 9660 3552 2307 9788 2628 6044 9474 5213 7957 8313 9443 1106 1574 5703 1839 8269 9489 6713 375 8684 4794 8314 4867 2044 435 2036 783 8944 1822 4902 2404 2422 997 8649 1236 8660 3238 1080 379 8682 5033 1797 5806 6169 1229 4337 4697 390 4416 3954 8982 3859 7064 3739 1227 3116 9030 1478 788 2616 7436 5960 1787 9744 1657 552 3240 8544 6780 9394 865 2071 2599 6661 4742 7979 6001 8500 4301 5282 9866 9144 4147 2636 5445 1816 7869 3981 57 5537 5997 4460 4741 5670 3975 4246 5373 7967 146 2383 8874 5552 311 8525 6545 6431 2873 8834 7958 2253 4917 9603 2953 3185 5939 5089 3153 5699 9781 4373 2958 6067 6693 8667 7672 6037 4476 9492 1145 694 691 8101 6484 1439 9807 866 8899 3101 6195 2155 4890 7855 6137 2963 8588 7808 1587 1714 9472 6026 2317 1294 9286 9993 2637 9984 9028 4606 6551 6514 4903 9981 621 8211 3780 1015 5872 7670 4586 1121 139 5607 3174 524 2331 6985 1480 4057 2079 8044 5339 1980 5198 9996 9935 2180 8485
9421 8847 3992 7756 6612 5835 6267 1567 8808 3171 8923 7604 7319 5839 9212 1117 7197 5658 5089 3056 430 7853 7298 5473 2757 7353 4508 4196 6775 2913 9795 1078 5281 3724 1575 2069 2914 5953 98 8411 7158 7093 5157 3761 5371 9246 7149 7208 1879 748 1506 1905 1709 5672 6867 7520 7422 8513 9040 8276 345 771 9863 1958 6552 4022 7854 8635 2 2600 3155 8597 6396 1542 7737 2791 3538 4017 4737 8766 7728 7338 1605 4195 4008 7333 9717 8221 393 1421 5804 4246 7656 6027 1922 7090 4205 8688 5137 1319 3661 3123 5594 7307 3484 299 1685 2716 541 340 2173 55 4067 872 637 2545 5586 9604 3157 2811 4799 9116 6124 3055 7669 636 4176 2354 5926 2890 1139 8879 9815 4618 3700 3660 7766 2446 1526 1912 486 4968 24 2751 3367 2183 1019 8911 1496 3197 971 1106 8851 4911 2149 662 633 145 3148 1508 3009 2257 4131 5556 6593 4439 2299 6238 789 1110 4391 8990 6142 8169 2961 4579 6223 7195 2724 2975 4771 1291 1249 2712 2525 4288 9496 9854 619 9001 3871 4852 1722 120 6698 4808 2175 6130 4066 7209 9754 8691 8818
No Rules
No Rules
No Rules
No Rules
7699
8520
8006
7751
5336
No Rules
No Rules
No Rules
1329
6030
5280
No Rules
7766
No Rules
7438
1083
