100
5000 20
1733 -13
4080 9
1866 -8
1729 10
0 0
570 0
2167 32
3690 5
3282 4
1179 5
2470 0
895 -8
47 5
1837 22
2437 12
1457 1
625 5
4816 0
4163 -1
2473 -2
5000 20
1674 1
435 -9
2996 13
709 -21
459 0
2984 2
2238 8
2270 -12
3716 -5
2264 -11
0 4
1233 7
1341 13
843 1
3651 13
1705 -31
3626 6
944 1
2764 -1
34 9
5000 20
1261 6
2611 -2
2461 0
3390 24
684 2
1355 -5
0 17
1670 -4
1505 14
303 1
2789 7
2586 -11
1933 -4
1592 4
359 -2
2345 11
4205 0
2066 -2
1951 2
1837 5
5000 20
4392 24
2827 -5
3630 -2
3463 -23
5934 -10
3183 -17
1358 4
5903 -1
5888 -11
3383 5
0 1
5707 32
3514 23
2791 0
3607 16
4239 -3
5409 7
1376 8
2218 9
3495 -15
5000 20
1751 13
986 -11
1017 5
3444 -8
468 -6
1170 19
1277 -11
146 -17
1456 5
0 -3
2353 -24
1747 10
2333 -11
1775 -2
1790 -24
2704 -17
2008 5
711 18
2652 -1
1577 9
5000 20
1806 5
0 7
1851 -3
1667 -1
3527 -15
3565 -1
569 -13
1333 -8
3272 4
3223 24
1919 15
1535 0
2577 3
2935 14
721 -7
612 0
2202 8
2434 5
1351 -7
1442 -12
5000 20
1515 1
3902 -9
2645 -2
5575 -5
3270 -15
2613 -8
3659 9
4985 -5
3525 7
5438 -5
5587 -8
3936 0
3042 0
0 0
3470 -16
3848 2
3371 0
4756 10
3153 -7
4091 -5
5000 20
4651 -20
2015 0
3548 14
1640 12
1831 -3
1934 18
4365 5
4470 -3
0 -1
4522 -11
3036 10
654 -6
2173 22
4104 -16
2443 -27
1516 -12
2533 -14
300 5
2744 13
919 4
5000 20
2442 -5
2509 -15
1438 13
3824 -15
4086 2
2497 20
3726 12
2457 -2
2624 2
4225 -9
3276 0
4577 4
3824 0
2503 2
2083 -4
2456 -2
0 23
2829 -5
2642 -7
3196 -5
5000 20
2332 -6
2145 6
392 13
3445 -11
2576 -15
5257 11
0 31
1042 2
1252 -16
1667 -1
773 -11
2801 8
2701 1
2012 -10
1444 -16
1628 0
424 14
4130 7
2994 -4
737 -1
5000 20
1012 -2
1347 -20
1151 -16
2165 0
263 -1
3807 -3
2457 9
0 -15
2825 14
2102 6
958 -11
1436 -4
2914 -5
2269 -9
3681 7
2272 1
1981 -3
1762 -13
487 -8
912 15
5000 20
1709 2
2940 -11
2719 -1
1771 3
3142 -13
4192 28
0 -17
3110 10
958 25
1642 7
2606 2
2489 -19
898 -11
2203 10
1422 -6
2928 7
236 -8
2279 7
621 11
901 1
5000 20
3679 -3
2850 13
3011 -11
1784 -5
2215 8
2204 11
1457 -18
3779 0
1356 20
4647 -2
2183 -1
2671 4
1839 9
1696 18
3794 3
0 -9
2424 3
1220 3
4604 -22
2209 14
5000 20
1497 -9
3233 1
2416 6
650 -20
1849 1
1050 -7
888 -2
1927 -3
826 -14
446 0
602 4
2424 -11
699 9
56 13
1186 -1
1417 -5
0 7
1904 15
2923 1
1897 -19
5000 20
2077 -7
976 -7
1370 -3
3323 -9
1101 10
0 6
3590 0
2096 24
2437 12
1507 -8
3143 -3
1311 -17
1953 35
460 10
272 -8
1244 -1
2538 -5
1187 -7
2162 5
1281 -12
5000 20
2256 0
3504 -18
296 9
1476 -10
1792 0
3315 0
0 8
2735 6
1455 -6
659 17
1223 -7
1773 21
1975 3
4007 -1
3386 11
2718 21
1490 0
4207 0
3952 1
1917 -13
5000 20
0 -9
2402 9
1407 4
2837 0
581 12
855 -12
2710 5
1149 6
400 10
672 3
115 14
2621 6
4694 12
53 14
2431 4
1115 0
1456 -5
38 5
1633 13
317 -4
5000 20
272 -14
2331 -23
2334 -1
2679 5
1334 15
1486 5
2447 -3
2830 5
0 14
607 9
3475 1
842 -2
1943 11
1651 -10
919 0
3997 17
941 3
4168 -5
3109 9
1885 7
5000 20
2712 0
3760 -25
2000 16
263 16
1984 3
2583 -7
1875 -5
0 -4
1926 2
2278 -11
3386 0
2723 5
252 0
1734 -12
1499 1
1277 -21
3995 9
3183 8
2096 -4
3198 15
5000 20
967 3
681 10
2662 10
16 5
1152 -12
0 -2
1018 -3
2697 10
716 -16
1343 -25
1669 14
1228 -8
1176 4
97 -1
3745 14
2375 -1
575 4
2575 8
842 1
2133 -6
5000 20
2515 -19
4537 26
4982 -3
3766 26
1246 6
3149 -2
1268 0
1863 -3
1502 0
2559 4
2316 6
2260 -3
2889 4
2508 1
3314 8
0 -14
2415 7
2349 -15
2283 -7
4252 13
5000 20
2396 3
3209 -10
2755 -3
3170 -8
0 -7
2792 -16
2638 6
2912 3
4691 19
2701 -2
2604 -1
1625 -11
1774 11
2728 -2
3317 -13
3218 -8
2674 -5
2817 4
876 -17
1736 18
5000 20
2362 -25
1356 14
1146 11
1304 -2
2792 -7
2111 7
818 0
4322 -14
847 -6
2320 0
2780 -13
385 14
2819 16
905 -30
586 6
3341 0
1800 16
0 -7
1070 -10
1058 -15
5000 20
2510 -16
2022 0
950 -10
2649 4
2160 3
1993 -7
2959 -5
1988 -20
2264 16
812 13
3015 1
2334 3
3379 -8
0 19
1940 -24
5041 0
660 -10
1725 3
3407 13
2391 -12
5000 20
2568 -8
2667 -2
1157 -15
1059 18
4299 15
2720 18
1644 7
3257 -3
3033 -8
2947 -16
0 -16
3525 -2
3626 0
3013 18
2442 0
2704 10
3198 0
2981 12
4495 20
2920 10
5000 20
1270 -13
1956 3
3731 12
1052 -2
2027 -21
0 8
1975 18
1424 -9
2909 -7
702 -20
1560 -11
874 6
419 -3
1757 7
574 2
119 13
520 -12
1779 12
968 -10
1329 -3
5000 20
1877 0
3858 0
2997 0
2704 -4
3132 18
1736 0
2974 6
0 -3
621 0
2342 3
5577 13
1866 -3
2480 3
3331 3
3927 -14
1259 6
1979 5
1722 -7
2623 19
2438 -15
5000 20
2690 -7
2173 7
1742 -5
3347 14
3450 22
586 4
1562 -8
3495 11
2606 -12
813 1
717 -13
2253 5
2244 9
3107 -1
0 -26
1593 -20
3015 10
2105 -3
2345 22
2612 -12
5000 20
1686 -16
2130 -4
2175 3
694 8
1616 17
2207 -19
34 18
3400 10
2401 15
975 -19
1018 -26
1226 4
2175 20
0 4
1167 37
1440 -13
2976 -20
1883 24
809 6
3010 10
5000 20
45 -18
322 -4
1143 4
1985 -18
661 4
1396 16
965 -4
0 -6
3098 -2
1374 4
640 0
2111 -13
264 -13
936 -4
3350 -11
1816 -6
879 0
179 7
57 4
970 -1
5000 20
2061 7
3715 -4
1054 -4
1316 15
2488 14
2145 6
70 -8
1858 -17
2123 3
2981 4
220 -19
1608 19
1735 -7
1212 2
2589 13
270 -15
1929 -1
1472 -11
0 -3
1635 3
5000 20
1925 5
3829 -10
393 7
930 -4
444 15
2555 -6
1700 12
0 -11
1972 11
1853 5
1759 -4
1074 9
1500 -15
2354 5
2824 2
2914 8
962 8
1533 16
2748 5
559 29
5000 20
3623 -6
2598 -6
3674 2
904 0
3665 -18
0 -21
645 3
4211 1
2001 1
1006 7
1740 0
1520 4
2712 2
1481 12
3025 -1
2095 7
3208 -13
2311 5
895 -16
1615 -1
5000 20
448 15
0 16
462 2
101 -7
1403 -6
663 3
637 6
1409 3
974 -17
1316 -12
122 -3
2382 -8
537 -5
402 0
2701 -17
346 2
488 1
65 16
1715 8
156 -16
5000 20
3944 -9
2657 -9
6994 14
3126 -14
3012 -5
3470 20
2321 -13
2983 -8
4947 -8
0 -19
3735 -6
3918 0
3661 0
3909 -13
3087 -5
2816 -1
2222 4
2812 0
3403 5
4288 8
5000 20
3718 3
2170 -12
2002 -4
453 8
1640 1
2556 0
2605 -10
508 14
1258 5
0 0
1241 -11
3822 27
471 5
1832 4
2838 -14
1808 -8
2462 -18
2255 -25
2190 7
3335 16
5000 20
1394 9
2891 -1
825 8
261 -17
1697 -1
2164 -6
1693 6
967 -6
1348 2
859 0
1389 9
1728 7
3876 -9
1774 4
0 -7
1229 10
1216 -2
2311 13
892 9
3791 6
5000 20
0 -2
1915 -3
2935 -10
1522 -2
2000 -17
2074 -1
1051 -5
2024 -12
1622 -5
1994 -8
1089 15
1406 2
1676 -3
3126 4
1762 -14
3620 8
3503 -3
2668 -11
2635 23
580 2
5000 20
2664 -6
1863 3
2640 11
2005 -4
2864 11
1900 -2
2777 24
2346 1
889 -9
3296 3
2477 -13
0 8
1962 14
2580 -1
1557 6
2055 2
2127 25
2388 -8
1365 -30
3393 -15
5000 20
2446 7
2483 -1
2891 -13
1586 14
587 3
0 2
2788 4
1626 4
2305 15
1987 13
5025 19
3239 8
2808 -8
820 -2
831 1
1103 -1
4016 17
2412 2
4956 -17
2046 6
5000 20
1543 11
143 0
362 -3
697 15
2882 -8
2375 4
449 -5
2708 16
2004 -3
2173 -20
1982 7
2777 -8
2643 -5
1405 -7
616 -2
1985 0
1912 -3
0 18
2345 4
1189 1
5000 20
3743 9
3654 4
1261 6
1029 -4
3542 8
850 15
0 -1
1336 6
1770 -5
2953 12
3544 12
1921 -3
357 9
1932 0
735 -12
2488 3
3625 -13
1104 2
1428 0
1500 8
5000 20
1312 11
3604 5
2374 -14
1993 -5
2161 -3
4522 -4
701 20
467 -9
1687 11
1509 5
2816 -5
543 4
2606 -8
407 0
3403 -12
2381 -8
2773 -16
2253 -3
0 20
2564 -15
5000 20
2740 0
3619 -8
2553 -6
2775 14
2688 -11
2167 -8
2434 -12
1007 0
2660 -9
4875 11
4026 -6
2958 -24
3576 -16
2653 -3
0 6
3215 7
2552 4
2326 0
3170 -15
2857 -2
5000 20
2687 -24
1095 1
3812 -1
1668 -25
2316 -13
1449 29
895 5
1570 -17
3084 -17
2871 -16
1878 19
225 4
3254 4
100 -5
0 8
219 0
1554 -8
946 0
2676 9
2616 2
5000 20
1896 5
4885 -15
2038 -10
3769 -14
894 -7
3311 -4
4427 -9
3561 4
1916 3
0 -6
2153 -18
3667 -7
1644 1
3620 8
2205 4
4827 -37
2286 15
2597 5
3391 0
4309 -14
5000 20
1129 12
3633 9
1339 -2
2116 2
816 15
3021 14
3184 -6
780 11
2240 -9
2221 1
1477 -1
4326 -22
1407 21
4778 -6
2013 0
0 -13
16 3
1653 7
576 0
3627 9
5000 20
2543 -17
2632 -3
0 -16
2802 -8
3031 -3
2670 4
3208 -4
2726 -1
3228 -6
2127 3
3188 -5
2556 5
2080 30
1340 -1
2005 9
3427 10
3324 -2
2486 6
1613 12
1958 1
5000 20
2481 0
2860 0
2593 9
3437 -9
3748 9
2995 -1
3887 -5
3232 -3
0 -13
4049 -5
2956 -11
3120 0
3328 5
3397 14
1063 15
4273 -20
4066 -7
3849 3
5634 -4
2473 2
5000 20
1912 -18
1939 0
1542 2
743 9
1586 5
516 -11
1355 -4
0 11
607 -3
1814 0
769 3
3153 -10
3332 0
4063 20
537 5
859 -8
961 -17
1511 13
1256 -18
1061 -7
5000 20
2247 3
607 17
3254 -1
48 9
438 -8
2451 -8
1100 6
3615 9
271 -27
2679 5
949 0
606 -14
1691 10
1330 7
0 6
3246 4
2033 -1
2264 9
1421 -10
2393 2
5000 20
3909 10
1982 10
3398 12
3180 -4
1552 15
2759 -7
452 -12
1790 11
2376 -18
3299 -8
2788 11
2600 -12
0 14
2401 -18
3334 -13
856 -16
2780 0
4541 6
1925 -1
1603 13
5000 20
2543 -25
2913 0
2513 23
2125 -5
1704 -4
3141 14
624 3
2895 -5
1112 19
773 5
2167 22
2115 9
703 -6
3662 -13
3594 -1
320 9
1155 14
0 -9
1060 7
1740 8
5000 20
2706 0
402 -1
1625 7
2830 -11
2357 4
999 -25
2110 25
909 1
0 19
271 2
670 5
1712 1
2883 -2
1951 -13
2319 7
674 -12
2463 -2
1783 0
774 4
154 -2
5000 20
3403 0
1544 -2
1324 -3
898 12
620 -12
3482 8
1234 -7
601 -6
678 9
2807 0
2422 5
0 2
1028 10
870 -12
2180 -10
2196 -22
1882 -7
72 -3
1663 6
372 14
5000 20
2396 4
3415 0
2108 -6
2645 -8
3050 -4
928 7
1111 3
210 -6
2911 18
385 -3
1967 -4
0 -3
1947 37
577 10
2879 -17
2952 0
657 1
710 -4
1932 -18
457 6
5000 20
850 -5
2952 -1
440 7
4010 -11
1701 -8
1673 -4
2056 3
3189 14
4879 1
3846 11
1603 5
2070 21
1591 -32
4350 -2
3444 6
4225 -10
0 10
2497 15
4376 15
983 -3
5000 20
2104 0
4467 2
1711 -4
2637 -12
3221 8
2786 1
2489 -9
2624 24
0 -25
390 -6
644 4
2363 9
1455 0
2329 4
863 -9
2986 8
2601 2
2430 -17
816 -8
2256 -4
5000 20
1218 20
3464 -7
2429 3
3258 29
1791 5
1609 11
1755 1
1335 1
2285 0
1324 -7
3040 5
4772 -1
2222 8
2484 10
3179 24
0 19
3529 -1
2382 -6
678 9
3580 16
5000 20
654 11
1388 19
1222 -7
0 -3
662 -4
1153 0
1832 4
3152 -6
2172 12
1603 -4
2646 10
1866 -10
2587 2
524 -20
2012 7
982 9
79 24
2276 6
2064 -10
531 -6
5000 20
2103 2
724 11
1153 -5
2812 2
3879 -7
2194 -16
2575 -1
1949 1
1429 14
1774 -7
1701 -5
455 3
3348 -9
2046 0
320 9
1249 7
0 -3
81 15
2203 15
1974 -2
5000 20
1484 12
936 15
2441 11
3170 1
3250 -5
1691 0
3055 -17
2104 1
1390 -8
887 3
2086 2
2330 0
199 -4
3407 1
3061 4
3242 6
1254 7
4093 6
0 -2
3142 -9
5000 20
3692 -9
2496 -7
4622 19
2883 8
4672 -3
2392 -6
4553 -12
2432 -2
3417 0
0 12
2467 -2
1786 -22
4315 -4
586 -9
3672 0
4976 -3
4491 -1
4167 4
2916 1
3749 3
5000 20
2060 6
3537 10
0 2
1871 -7
3704 -10
2644 0
2594 15
1340 16
3606 0
2957 15
2842 6
4002 5
2587 -4
1447 14
2705 0
2509 -2
647 16
1637 -16
1813 2
2110 18
5000 20
1874 12
2480 -11
2239 -17
1128 13
1791 -5
2714 -13
0 -7
1188 -4
3234 -11
2959 0
1936 -10
1405 -7
3490 -8
1833 4
2760 10
2108 -20
2873 -6
1889 -6
4485 -9
1955 -3
5000 20
3235 0
2104 -7
2852 -26
2902 -7
1244 8
550 0
1221 8
2596 -18
2169 -18
1506 7
3697 -16
0 -2
4369 -1
5393 -7
3533 0
2903 0
1490 -17
3130 8
2490 -1
1351 11
5000 20
3992 13
1103 -16
1712 6
3037 7
2931 6
863 -16
1031 1
554 -21
3321 -12
2968 6
1357 3
1707 0
0 4
2998 -5
1678 6
3482 -8
3217 6
3181 2
2059 1
2617 10
5000 20
920 3
2813 -3
1321 3
2820 3
1986 -5
1728 -3
3156 1
1585 5
2447 -30
645 11
0 5
1588 10
60 1
2839 10
808 5
2487 0
2389 -4
2045 -1
1201 12
2843 25
5000 20
354 1
1773 7
2544 2
1963 -7
2397 -17
2652 -7
3030 3
1841 -21
2593 -2
1941 -9
2219 -13
4445 0
3199 -4
1923 7
1006 2
0 16
2818 2
3428 0
2357 -10
2136 0
5000 20
3727 18
982 -18
2301 -1
1954 -8
3554 -21
1622 -8
1488 22
1352 -24
3157 -4
4113 0
1699 -3
223 -5
1419 10
4001 12
1225 -2
1102 13
723 13
0 -9
2951 -8
2133 6
5000 20
501 0
0 10
1589 -7
223 14
1597 33
2742 4
2664 11
2226 -1
1894 -7
599 9
3621 -10
1028 -4
2243 -5
1190 3
1973 6
1336 -15
1059 5
1979 19
1168 20
506 0
5000 20
1382 -23
2369 0
1270 11
48 -6
2160 -1
3642 8
0 10
2347 -17
712 -12
554 10
1678 -14
2631 -16
2649 -10
1705 -6
74 -4
1244 -2
572 -8
1559 -9
2311 18
808 -7
5000 20
458 -30
681 13
1803 -7
2731 -4
1923 -4
0 9
1118 11
1018 -10
4032 -5
988 5
393 -3
500 -8
3058 14
3675 8
3676 7
4074 11
1852 10
593 -2
1272 -1
789 8
5000 20
3113 3
3087 -6
962 -2
1147 7
3238 17
3693 0
2246 6
1212 -15
1608 9
3378 1
3560 1
4172 10
890 6
2557 -9
4063 17
0 -16
2397 -6
4159 -11
2745 -4
1975 18
5000 20
4103 -4
3000 -4
2157 27
0 6
2028 -27
1188 -21
1862 -8
94 -18
1564 7
1223 12
2332 -17
1861 -16
1898 4
785 17
2147 -15
1746 6
3667 -5
2080 -2
2798 -6
3740 -3
5000 20
2800 7
2222 -6
2472 0
2314 -2
3525 4
1424 -27
3192 -11
1261 24
1614 10
1320 12
2398 -8
2315 -8
2001 -3
2289 -1
2536 -8
1744 9
1529 -4
0 11
517 -5
1369 -7
5000 20
710 -11
0 -2
996 4
2241 -19
946 -12
2147 8
2597 29
2058 -8
3672 0
255 0
2391 5
1585 -19
2050 6
712 -17
4651 5
2859 14
3868 13
3217 -4
310 6
4621 2
5000 20
1696 14
1343 -26
1147 -1
1709 -7
1236 -4
1675 -16
1800 -5
2823 -1
306 6
2512 5
2525 10
1528 -3
2258 -5
621 6
1424 -14
409 -4
0 -11
564 -13
2747 16
3309 -3
5000 20
3117 -13
2570 7
3080 6
1620 0
3147 -1
2341 14
1597 29
950 5
1396 6
3010 14
3953 -17
4308 7
3126 0
1483 12
4065 -10
2600 4
4684 -12
2145 20
0 -5
2223 0
5000 20
1758 0
1049 -8
2710 -4
2738 -7
2741 -7
1235 -17
2000 0
2985 2
1825 27
1877 -12
3880 15
2977 -1
1504 -1
333 12
1940 17
3283 -1
0 0
1991 -8
936 15
1801 0
5000 20
1579 -9
2679 -1
1986 15
0 1
1842 -3
2107 -19
3154 -18
632 3
2421 19
2540 11
2250 2
607 -8
2684 6
2546 14
1583 4
1041 6
1165 1
1484 18
3468 -12
2630 1
5000 20
1748 -10
2661 6
2576 8
908 -6
2699 -17
3000 3
4071 2
1602 4
2024 -3
1834 -1
3574 -6
2696 -23
1684 2
0 12
1783 -14
4152 -6
2778 -17
2519 -4
944 4
1963 3
5000 20
2058 -3
2128 3
2266 -9
1085 0
1201 1
2393 -1
3029 -20
2690 4
4699 -16
365 7
0 -11
1190 11
1455 6
3988 -7
2532 11
1378 13
160 8
2409 -8
2819 1
569 11
5000 20
4158 4
1990 -4
0 -8
392 2
1140 -2
2962 7
2132 -2
2506 13
2678 35
2371 -12
2412 14
2052 13
2216 7
2423 0
240 -3
2905 31
772 1
2248 -6
2778 13
3303 -7
5000 20
1742 -14
3532 -2
3593 4
3633 5
1084 17
3394 -2
2808 0
1994 -17
1510 3
1850 -4
3514 0
1924 -1
0 0
1525 14
2421 -8
1215 -6
860 -1
2087 2
4632 -16
3432 0
5000 20
209 2
577 3
2029 3
1252 7
471 -5
1310 7
1563 11
2270 -5
1570 12
2490 8
338 8
321 14
80 -5
2350 26
96 3
0 -14
2792 -2
1990 5
1845 14
1443 4
5000 20
0 -11
3246 -4
31 3
1952 9
1992 -5
3382 12
2599 6
3401 -8
4455 0
2699 -10
2211 -3
2310 13
2909 -8
2057 22
2619 -20
2805 4
2948 -8
1922 4
1331 -2
3579 -5
5000 20
1800 -19
1201 -7
1195 -6
1358 16
1108 1
809 0
4128 12
1848 3
2992 0
483 -3
324 13
2550 -3
1780 16
1994 20
2645 -6
3585 5
664 7
868 -14
1486 -3
0 5
5000 20
892 11
3160 0
1787 -13
1947 -3
2374 1
2242 16
0 10
118 9
3733 20
2439 0
851 22
1908 -9
824 -9
1245 6
1372 -17
1695 -4
1366 14
1775 -17
2451 -3
1498 0
5000 20
4433 12
4059 -14
3792 12
3695 2
5530 -1
5052 2
4239 -11
3588 3
2220 -14
5014 -8
5495 9
1489 -14
3678 6
1791 -6
1493 9
0 -8
1977 1
1123 3
2029 0
5233 8
5000 20
1945 -6
3125 -1
3926 10
2883 -1
1744 8
3174 0
2765 10
1881 3
1149 -7
2858 0
2668 0
2779 -14
0 0
2461 3
1698 -24
1571 12
4176 17
856 -10
2877 16
1871 -5
5000 20
1354 -3
1066 25
828 18
441 2
443 -17
2791 0
1883 14
1444 -8
377 2
1035 6
1913 -1
445 -5
142 7
440 -4
1103 15
702 31
0 10
589 13
2573 16
1434 -3
5000 20
1065 -8
2225 4
1315 3
4966 -6
182 11
1333 -3
1462 -14
2198 -16
2289 24
1194 -7
2238 4
2468 -5
1748 -8
2018 0
788 11
2135 2
1500 -12
0 5
1242 14
1815 12
5000 20
194 -15
0 6
1076 -3
2295 -1
1916 -11
986 -6
1035 -3
828 -4
1296 1
658 1
2093 -3
2848 -5
2836 -6
2105 12
280 9
976 -8
1147 -20
2449 0
1638 -22
1772 9
5000 20
0 -7
952 0
387 9
1856 4
328 0
1555 -22
3116 3
4218 3
355 -18
1714 -2
3812 9
724 0
237 -12
860 -1
1384 7
1307 7
1796 -9
2212 -8
812 -13
1757 10
5000 20
2190 -5
2317 -2
1496 23
1283 18
837 -3
2998 17
2245 3
0 10
3952 -7
469 3
155 0
4790 -15
782 2
1100 -24
3263 12
2710 -7
1803 2
1516 5
488 -1
2638 12
5000 20
4224 19
3084 3
1784 -4
2228 13
3410 1
2502 9
4107 -14
476 0
3300 6
0 -10
2122 -11
4328 -18
2766 -12
2405 5
2314 0
2477 1
2427 1
2766 18
2642 24
2764 -2
5000 20
1521 8
4284 0
3848 -17
3813 17
4021 6
3475 -9
2522 10
0 -10
1914 -9
1860 34
2691 0
1837 -15
2912 10
2799 9
1536 13
1398 16
4489 -14
429 -9
3601 9
2202 -3
5000 20
1771 -4
742 1
537 14
2454 -4
0 13
3258 -9
2445 -4
2157 -6
3541 4
3660 -10
3006 -8
4659 -6
2801 7
2089 -1
4448 0
142 0
3599 10
1076 -10
4587 8
2162 -6
5000 20
3422 14
282 5
2359 2
2016 -23
846 -12
634 18
5201 -15
1345 -9
0 9
2731 10
2146 0
2954 13
3166 10
2015 22
122 -6
1938 -10
758 5
1269 16
3249 3
2565 2
