100
21 5
21 7
21 9
21 11
22 5
22 7
22 9
22 11
23 5
23 7
23 9
23 11
24 5
24 7
24 9
24 11
25 5
25 7
25 9
25 11
26 5
26 7
26 9
26 11
27 5
27 7
27 9
27 11
28 5
28 7
28 9
28 11
29 5
29 7
29 9
29 11
30 5
30 7
30 9
30 11
31 5
31 7
31 9
31 11
32 5
32 7
32 9
32 11
33 5
33 7
33 9
33 11
34 5
34 7
34 9
34 11
35 5
35 7
35 9
35 11
36 5
36 7
36 9
36 11
37 5
37 7
37 9
37 11
38 5
38 7
38 9
38 11
39 5
39 7
39 9
39 11
40 5
40 7
40 9
40 11
41 5
41 7
41 9
41 11
42 5
42 7
42 9
42 11
43 5
43 7
43 9
43 11
44 5
44 7
44 9
44 11
45 5
45 7
45 9
45 11
