91
100 9
110 20
120 16
130 20
140 9
150 13
160 5
170 14
180 14
190 14
200 20
210 6
220 10
230 16
240 11
250 6
260 15
270 14
280 11
290 8
300 7
310 13
320 15
330 16
340 19
350 9
360 8
370 17
380 9
390 9
400 19
410 18
420 15
430 7
440 19
450 18
460 10
470 9
480 19
490 16
500 18
510 12
520 7
530 12
540 19
550 7
560 15
570 14
580 7
590 14
600 15
610 5
620 9
630 14
640 11
650 13
660 15
670 18
680 12
690 12
700 9
710 7
720 15
730 18
740 6
750 8
760 10
770 20
780 12
790 19
800 14
810 8
820 10
830 18
840 13
850 7
860 13
870 7
880 18
890 6
900 7
910 13
920 10
930 16
940 15
950 5
960 12
970 20
980 20
990 5
1000 16
