16 136
49 350
16 112
79 362
110 200
18 143
56 146
42 103
98 238
43 125
15 119
343 410
66 104
14 23
7 43
92 155
2 31
68 115
263 300
23 37
204 306
78 140
43 51
316 362
73 106
270 314
79 102
17 27
21 26
193 208
239 254
130 150
121 137
362 385
212 218
96 104
53 71
176 186
165 174
101 108
226 236
136 139
109 115
29 48
105 116
283 294
113 125
90 114
285 288
261 271
175 182
176 184
158 168
134 152
378 387
239 244
123 131
145 151
199 205
91 99
43 50
82 90
327 330
248 255
333 346
109 116
89 103
203 207
189 199
218 228
107 120
41 48
155 158
116 123
30 36
340 347
86 91
72 77
34 40
30 34
405 416
103 107
233 236
283 291
191 194
297 302
103 108
403 411
214 219
337 345
286 293
119 123
403 408
306 311
65 69
165 170
434 441
57 67
105 109
75 81
