2560 7976
1295 7486
5 8595
3872 8331
2892 7673
3662 7276
2451 8624
5463 8155
3148 8030
3423 7468
860 3469
4254 6150
683 1487
716 3280
4137 5293
6686 7589
4853 5593
108 815
3188 5636
5072 5707
1307 1703
1734 2092
3390 4048
5410 5756
4349 4912
1237 2249
6429 6866
3643 4172
2499 2877
5879 6144
1422 2226
6519 6678
1857 1967
1351 1974
7377 7873
5213 5583
5430 5844
5095 5372
4801 5245
4997 5276
183 389
8135 8568
3303 3459
626 755
242 716
2941 3168
1502 1633
4122 4268
615 811
5734 5993
1348 1547
6023 6221
6448 6614
4541 4732
7307 7418
7648 7864
3358 3580
877 1103
4285 4488
6849 7099
2260 2483
1513 1772
1202 1403
732 768
4000 4230
4758 4778
3341 3585
1963 2060
6775 6845
1725 1843
2657 2848
87 144
3772 3892
2060 2255
2771 2880
5601 5800
2043 2164
1962 2128
2436 2552
1159 1245
6218 6359
6775 6908
7284 7370
96 205
5072 5225
4812 4862
4567 4665
7169 7265
3972 4131
8048 8095
5951 6074
3726 3815
5413 5589
6397 6470
6295 6317
4826 4951
1803 1872
1333 1423
5980 6104
5615 5729
4112 4180
303 407
8676 8735
5432 5545
2689 2763
1645 1722
5659 5717
3325 3380
288 359
323 375
1413 1502
4175 4202
3014 3123
2104 2172
2022 2138
5241 5317
6650 6749
3195 3287
756 839
2401 2480
3771 3822
3727 3743
6346 6424
2001 2063
902 997
3669 3731
6073 6094
5008 5089
259 303
1119 1144
7903 7997
1802 1854
2916 2965
1993 2096
6455 6503
2180 2204
7067 7106
3659 3759
6181 6237
7948 8017
3024 3100
4546 4583
9029 9100
6479 6522
1872 1905
4944 4970
3144 3187
4593 4661
2087 2133
2638 2676
7332 7410
4539 4572
6541 6570
3696 3726
4767 4836
843 869
3872 3892
6492 6526
3409 3480
4581 4605
1100 1111
670 715
4387 4444
4908 4943
1008 1049
707 747
6902 6922
4450 4487
6276 6308
3384 3415
6406 6474
6633 6676
7587 7628
5038 5105
7922 7968
6027 6048
6597 6637
5957 6014
2620 2660
2267 2281
3917 4015
5508 5563
6220 6237
3216 3286
2634 2657
214 265
464 535
2128 2173
6721 6738
5940 5993
500 552
1805 1833
4480 4527
5523 5568
1364 1396
7937 7968
6092 6112
6313 6358
8693 8733
441 471
4473 4507
8239 8277
3207 3239
8192 8235
34 52
1685 1730
2438 2493
1946 1985
1626 1651
5877 5893
60 96
4721 4751
6130 6168
1657 1667
7380 7412
4276 4323
1096 1130
6641 6673
7060 7069
4935 4968
186 211
3556 3565
3100 3115
2026 2092
6141 6196
2521 2551
4933 4963
5594 5620
3911 3943
6511 6521
5222 5244
4649 4654
6670 6701
113 150
883 891
5005 5024
1031 1055
6954 6988
1117 1133
5015 5039
6333 6349
7550 7576
6001 6014
7202 7233
3717 3741
389 414
4583 4610
2564 2595
3450 3476
6388 6399
2230 2260
8501 8532
4281 4313
2407 2429
6081 6113
8725 8753
6209 6249
4308 4320
2410 2439
4216 4234
3336 3351
317 352
47 69
7416 7447
1403 1420
1244 1257
1816 1834
5384 5407
7341 7358
547 567
2505 2518
2131 2150
4731 4745
1095 1116
1318 1329
6737 6769
1373 1390
8120 8150
7555 7574
7233 7258
2192 2209
4125 4150
6445 6456
9106 9111
7288 7311
3153 3167
2195 2210
2687 2711
5769 5784
4632 4646
875 893
1570 1579
8701 8727
2070 2107
2625 2644
6047 6068
8456 8475
4707 4719
7430 7452
4319 4343
3682 3724
1938 1965
7632 7654
6792 6816
7294 7305
663 676
2136 2160
7141 7171
5245 5262
2867 2890
7786 7796
547 560
968 987
7135 7149
6999 7017
332 355
3600 3607
3982 4012
1123 1135
6740 6768
2639 2660
1904 1922
3005 3040
948 973
7138 7159
2829 2847
917 923
4304 4316
160 180
7652 7676
1209 1225
7893 7904
3259 3275
3539 3561
5217 5234
4609 4632
1348 1371
263 291
35 54
723 741
950 962
4704 4723
8133 8167
6239 6251
2047 2060
8120 8140
1757 1768
3464 3470
281 291
474 484
2012 2032
1210 1223
7489 7505
624 641
4783 4805
7489 7509
3934 3953
7800 7811
1869 1878
2397 2411
3884 3898
4845 4864
1107 1117
5138 5159
6147 6156
298 324
1738 1742
3747 3755
5498 5514
8399 8408
6279 6296
805 816
1246 1257
2620 2633
2374 2382
3597 3606
6550 6561
905 930
6291 6303
222 234
3034 3051
4993 5013
2585 2593
4504 4530
2302 2321
6202 6206
7507 7523
6391 6403
3718 3729
904 912
8000 8011
6665 6674
1344 1357
446 465
7663 7673
3171 3178
4486 4511
8687 8698
2279 2295
4397 4416
3290 3303
6539 6549
8228 8242
1165 1184
7717 7726
27 34
4428 4443
4799 4804
3010 3025
3183 3206
2465 2473
1554 1570
8166 8183
1695 1709
5933 5943
1531 1550
7106 7124
1011 1024
8042 8058
1041 1051
4876 4880
667 689
8144 8160
1837 1852
536 558
3584 3597
577 586
7877 7881
1399 1415
5317 5329
154 163
580 588
7661 7673
1324 1337
30 35
2525 2542
3457 3466
6845 6851
1082 1090
5358 5364
3791 3801
4727 4735
1014 1026
7933 7950
7346 7356
5666 5675
6422 6432
6571 6585
1607 1616
5267 5275
3246 3260
2191 2203
7105 7112
7589 7604
5178 5189
3127 3143
1424 1436
6415 6427
1984 1996
7890 7901
2971 2981
814 820
3657 3674
7885 7894
8203 8215
4859 4868
7216 7225
2172 2184
5015 5025
319 338
3590 3602
1015 1024
6257 6269
6202 6208
6355 6359
641 648
3751 3760
1231 1235
1674 1687
6594 6608
5141 5147
4602 4612
5455 5462
1904 1911
801 816
5395 5412
6516 6521
406 414
6673 6684
4846 4851
3931 3940
5626 5631
6273 6286
8784 8794
4195 4204
7631 7648
1688 1698
2726 2740
589 599
3797 3807
309 316
4602 4611
5572 5582
5047 5051
3481 3488
2374 2383
7791 7801
4367 4375
5667 5675
6470 6482
7321 7331
458 469
6532 6543
3189 3200
418 426
1788 1795
6739 6747
1555 1560
3350 3356
4883 4890
1775 1781
4 12
1529 1541
7217 7224
5672 5681
384 393
3585 3600
1875 1880
2005 2013
3270 3277
3008 3017
2840 2851
2464 2471
373 381
6304 6317
2280 2289
5670 5679
3225 3231
2052 2059
7540 7557
3515 3528
4951 4964
6164 6171
744 753
3391 3399
672 677
457 472
7645 7656
2828 2836
214 225
4468 4474
3299 3309
3960 3969
8296 8301
4874 4889
6643 6657
332 339
5786 5799
5358 5363
6175 6188
5223 5228
3473 3484
3957 3965
2816 2824
1392 1402
7864 7875
5131 5142
1446 1458
8309 8315
1319 1329
3419 3430
7177 7185
5176 5183
300 308
6950 6961
2707 2719
7302 7311
7089 7098
6055 6069
4345 4358
1234 1238
959 968
4831 4834
2028 2040
2405 2418
2358 2367
1268 1280
8040 8051
7580 7584
1663 1676
6609 6620
6901 6915
680 684
6744 6755
5503 5508
512 519
1759 1765
7333 7343
5332 5341
1115 1125
5568 5572
62 71
119 129
3535 3545
4486 4494
1937 1942
2959 2968
3881 3892
424 430
5397 5402
6126 6137
7051 7059
5864 5869
6798 6803
7314 7329
2001 2009
3060 3068
7885 7891
3840 3847
2886 2892
320 326
6991 6996
8320 8332
2298 2309
1746 1757
8106 8114
9462 9476
2672 2676
4209 4214
5072 5082
3125 3134
8368 8379
2395 2402
2337 2343
7492 7501
4633 4640
446 453
3798 3808
2188 2200
8243 8252
1585 1595
7400 7407
2155 2160
1804 1810
5948 5957
6973 6982
2246 2249
7140 7147
7500 7503
8054 8064
3482 3491
3580 3586
756 763
5054 5058
6106 6117
3850 3856
1957 1965
8664 8671
6285 6295
5276 5285
2285 2292
3838 3849
690 695
2369 2374
557 565
3980 3987
4247 4255
2225 2230
8372 8377
1806 1813
69 77
5205 5211
1049 1056
6381 6388
335 343
8340 8346
6644 6650
7160 7166
7878 7881
2468 2474
6641 6646
7699 7703
7752 7756
1078 1083
4139 4146
6762 6771
8976 8983
4906 4914
4242 4249
2568 2574
2995 3005
3406 3412
6824 6829
4316 4322
1570 1578
3096 3100
6488 6496
4253 4262
8366 8377
7018 7027
4113 4119
5914 5921
1817 1825
7189 7196
2024 2031
4926 4930
4067 4073
5070 5079
194 201
5975 5985
269 274
7823 7831
5427 5433
4377 4383
5009 5016
1447 1454
4004 4010
4407 4413
1187 1192
7546 7554
2645 2651
5098 5106
4555 4561
1143 1151
6260 6265
2527 2533
5280 5284
1687 1694
171 180
8416 8423
190 194
5757 5762
3686 3694
6620 6626
500 508
3917 3924
534 542
7761 7770
4587 4595
9360 9369
3142 3147
7600 7607
432 440
3365 3374
7450 7453
3670 3674
7212 7218
3677 3687
522 528
3960 3967
6306 6313
6715 6720
36 40
5837 5843
3652 3656
5738 5743
379 385
6315 6322
3751 3755
7614 7619
6215 6220
3316 3322
112 118
6009 6015
2264 2271
83 90
5433 5437
7555 7565
1233 1240
1870 1881
1303 1311
1362 1370
2534 2541
3726 3736
6518 6525
6005 6014
2075 2081
8853 8859
6464 6470
929 937
5040 5047
77 85
5814 5818
4605 4609
2483 2493
2540 2544
128 134
5966 5972
9427 9434
2123 2128
5820 5826
3361 3366
4910 4914
8198 8206
4190 4195
4318 4324
2761 2765
7530 7535
3745 3751
1862 1865
3426 3434
1735 1743
7404 7410
6549 6558
2754 2761
3439 3445
136 144
1028 1035
1363 1373
4363 4369
4083 4088
1684 1690
6047 6052
8199 8206
2348 2356
1396 1402
7702 7710
5633 5638
2475 2479
6321 6327
2633 2638
3108 3114
6619 6624
1334 1339
3429 3436
2594 2601
6162 6166
7964 7973
4956 4961
5163 5167
20 25
6050 6053
1853 1862
8283 8290
553 559
3746 3755
7347 7353
7734 7741
6717 6723
2567 2571
7404 7408
2413 2418
8036 8044
2865 2870
936 941
1078 1082
2806 2812
7361 7370
6341 6346
1153 1157
1441 1445
1220 1225
1911 1917
818 822
509 514
256 263
301 307
8269 8275
5246 5253
3295 3300
4785 4791
4907 4914
6001 6010
4390 4398
8634 8641
3471 3475
6569 6575
3821 3828
220 228
3652 3660
1365 1372
5667 5672
997 1007
608 612
350 354
8102 8106
4966 4971
719 727
8 14
968 975
258 264
431 440
5153 5157
662 668
3752 3757
3560 3564
4101 4108
5517 5524
1792 1796
6159 6166
530 536
4419 4423
3485 3488
5052 5058
2114 2123
2890 2896
4403 4410
8355 8362
7552 7559
7080 7087
937 941
953 962
827 831
736 741
4687 4691
930 936
7008 7012
4549 4552
4850 4855
3102 3107
8008 8011
7372 7378
4465 4472
3369 3373
2794 2800
1929 1937
8499 8502
6852 6858
6259 6263
5222 5225
216 222
961 966
8597 8604
3888 3895
6990 6997
8315 8319
7371 7375
3494 3499
5222 5227
7733 7739
5197 5203
667 674
7029 7035
8587 8594
5916 5920
1536 1541
3412 3417
7578 7584
4866 4875
3495 3499
5189 5193
2436 2440
1640 1645
1130 1134
256 262
480 483
2065 2071
8030 8033
9371 9375
6800 6804
2630 2635
1986 1992
2016 2021
343 349
4986 4990
1909 1914
7940 7943
1767 1773
7460 7463
7870 7875
2806 2811
5339 5344
2786 2791
4232 4237
5835 5839
4559 4566
1781 1787
7074 7078
6066 6073
1713 1720
815 821
6816 6824
7688 7693
198 206
1869 1874
7398 7405
5290 5296
398 403
407 413
620 626
5701 5705
4401 4407
7444 7448
5105 5109
4318 4321
3744 3750
4730 4735
1829 1833
3550 3558
6391 6398
6742 6745
1202 1207
7828 7833
5849 5857
9540 9547
3427 3432
1786 1792
1687 1693
9690 9695
519 527
