100 10
Karina 44 25 31 2 43 22 17 9 0 19
Mya 35 62 28 3 40 8 11 2 16 22
Tom 27 40 5 12 36 9 29 0 19 16
Abdul 23 10 28 15 17 34 4 0 20 18
Nell 44 53 2 6 29 29 9 11 18 2
Hazel 24 23 34 1 36 21 29 7 4 6
Jennifer 49 44 32 14 41 25 31 0 13 2
Frank 47 46 2 13 0 35 26 10 7 16
Ricardo 12 53 4 13 4 25 2 11 2 11
Martin 33 58 9 9 15 5 10 11 10 12
Lydia 11 24 25 13 24 1 11 4 23 20
Alfred 2 20 9 9 40 24 18 11 19 15
Amie 50 41 29 8 8 18 5 4 6 7
Antonio 8 41 12 22 13 28 20 10 23 6
Lucie 27 24 2 11 39 6 30 2 5 0
Gavin 27 45 22 13 36 4 29 6 26 19
Sumaya 30 4 34 12 21 21 9 8 14 23
Hussain 42 5 13 8 41 6 31 11 17 9
Jade 23 61 30 9 9 19 21 10 23 6
Rosa 19 6 3 12 43 10 5 5 5 22
Oakley 20 15 36 12 5 7 21 10 15 11
Zakaria 35 24 33 15 39 33 19 2 22 8
Isabelle 23 7 21 15 43 1 13 7 13 11
Honey 8 29 12 6 3 26 24 4 19 14
Aaron 7 17 20 19 15 26 17 9 24 1
Jasmin 31 66 34 4 7 10 3 6 20 23
Travis 16 31 34 21 32 9 22 0 4 13
Joe 15 64 34 8 43 2 13 4 20 19
Paul 5 5 27 12 37 24 5 5 23 4
Ismaeel 35 18 18 5 37 7 9 2 2 5
Elizabeth 11 36 16 17 3 8 0 2 18 8
Charley 48 21 6 16 38 11 21 8 12 10
Ieuan 48 30 4 4 43 16 24 6 13 1
Victor 11 36 15 24 23 22 8 7 12 14
Polly 15 23 33 17 38 20 18 1 11 6
Dylan 11 4 17 14 29 24 10 9 15 7
Henry 32 4 35 14 41 3 32 2 15 23
Jackson 2 63 6 1 12 28 14 8 19 22
Cory 48 40 5 6 13 29 11 2 11 9
Bella 36 26 21 13 32 15 18 6 3 9
Lloyd 2 38 26 23 24 19 24 1 27 9
Keiran 47 40 3 7 31 31 24 6 9 21
Prince 22 34 16 17 16 1 11 1 14 4
Nicola 24 52 31 0 16 20 15 9 1 1
Safa 14 36 26 8 14 32 16 6 14 23
Duncan 23 40 32 16 43 31 12 0 23 8
Riley 23 11 11 15 27 15 34 10 11 3
Craig 28 65 12 13 29 23 31 4 7 6
Samira 4 42 33 16 13 13 15 11 6 7
Roxanne 22 37 23 7 31 14 30 1 4 11
Isobelle 32 63 2 17 10 29 16 4 1 12
Samuel 0 42 30 24 43 14 14 0 12 6
Carlos 7 61 21 24 15 25 15 11 9 11
Simran 47 20 14 13 35 26 27 7 19 9
Blake 18 7 17 24 24 23 9 9 13 3
Matthew 48 67 1 7 23 17 22 4 9 17
Crystal 46 45 18 11 39 8 1 7 18 23
Riya 33 29 19 23 40 32 23 4 17 12
Kyra 16 53 15 19 18 33 4 1 26 13
Nicole 37 10 2 13 23 27 4 2 17 13
Aqsa 30 27 30 17 4 33 6 1 22 1
Dexter 46 49 0 22 16 18 29 3 8 5
Cody 6 66 1 7 40 22 15 12 23 23
Darcie 3 42 7 18 9 25 19 8 12 7
Kaiden 42 23 33 12 35 19 2 7 19 4
Ben 18 44 21 7 26 6 8 1 21 17
Taran 37 12 31 22 0 17 0 9 15 24
Rhianna 27 36 4 1 6 22 30 4 3 12
Bryn 23 15 17 17 31 18 7 5 18 2
Amina 22 8 13 1 41 17 4 6 23 11
Miriam 0 61 25 10 0 6 3 1 5 15
Elliot 6 11 7 2 3 22 24 2 21 1
Myles 27 22 15 23 2 20 32 4 15 7
Zak 14 65 8 16 35 5 20 6 17 2
Bryony 0 20 3 10 42 20 14 10 25 15
Marco 38 67 0 22 33 20 28 1 8 12
Autumn 31 59 27 17 36 19 27 4 4 10
Noor 37 3 0 10 44 16 7 3 6 14
David 20 37 35 21 38 22 29 5 7 11
Reggie 18 0 30 19 14 18 28 11 20 6
Hannah 30 43 4 1 12 22 21 9 3 21
Amani 46 34 16 12 3 25 21 3 22 11
Annabelle 33 68 19 6 5 5 29 4 4 13
Kane 37 33 32 8 36 15 19 4 6 4
Ellen 26 33 32 15 22 18 20 7 15 19
Emmanuel 5 6 28 2 42 17 23 8 0 18
Rose 40 25 7 13 31 10 17 4 8 0
Mae 1 40 15 4 14 24 12 3 14 3
Adam 30 37 33 13 14 12 21 2 16 17
Lara 48 31 34 22 6 17 28 9 20 12
Toby 18 20 20 19 8 22 23 1 17 4
Iwan 21 13 2 20 23 22 13 6 4 14
Marc 14 33 6 13 18 33 5 4 20 13
Shane 39 54 12 25 9 27 18 4 24 14
Jared 27 45 5 15 15 24 15 10 3 11
Brett 38 6 15 5 4 19 22 9 26 16
Isa 19 60 24 17 23 4 0 11 2 16
Kathryn 5 22 21 12 33 11 9 11 2 8
Keegan 24 56 16 17 15 29 6 3 6 1
Kia 27 52 1 18 41 6 11 5 26 17
