10000
1 9
1 100
4 13
0 100
1000 0
5 3
1 0
4 5
5 3
2 2
1 3
1 0
0 0
1 3
4 1
2 2
2 4
2 1
5 3
1 0
5 2
2 1
6 1
3 5
0 4
1 2
3 0
7 0
6 0
1 5
4 5
1 5
7 3
5 1
3 3
4 2
8 2
0 1
8 0
2 4
4 2
4 3
4 3
0 4
1 2
9 3
9 2
6 2
5 1
2 3
6 1
9 1
1 3
9 5
0 4
8 1
1 1
3 2
8 4
6 4
6 2
4 0
7 3
9 4
4 1
0 0
9 2
4 2
10 1
8 5
7 0
7 4
7 5
3 2
9 2
6 1
6 3
0 4
10 3
6 4
9 0
12 2
4 4
5 3
8 2
11 1
0 3
0 1
5 2
11 3
8 4
10 2
3 1
0 5
9 3
2 0
3 2
8 2
9 3
8 5
4 1
10 0
5 5
14 4
4 2
7 6
1 3
4 0
1 1
8 4
2 0
2 1
3 0
5 2
4 5
0 0
0 2
15 1
9 2
12 2
1 6
12 0
15 4
7 4
11 5
0 6
15 0
5 2
2 4
16 3
11 4
1 1
3 3
17 4
0 2
0 5
12 4
7 3
12 2
1 2
17 3
6 0
4 6
7 1
0 0
10 1
19 4
11 0
8 3
16 1
13 1
17 3
2 3
7 1
18 4
14 3
20 1
13 6
4 6
2 1
10 2
10 1
2 6
7 5
10 2
20 4
5 3
12 1
6 3
0 2
20 2
21 1
1 2
15 3
5 3
19 2
22 4
11 2
14 5
2 0
2 1
14 5
20 4
9 4
15 0
2 4
7 1
11 3
11 4
6 2
6 6
16 1
18 5
22 0
14 0
6 1
3 1
14 4
8 1
10 4
11 1
16 0
0 4
3 3
18 1
19 2
14 1
25 0
4 0
22 3
21 1
11 1
24 0
11 7
8 4
18 3
5 1
17 0
7 0
15 3
8 5
10 6
5 5
9 5
18 0
5 0
24 1
24 3
3 5
3 1
21 5
20 4
13 0
1 5
18 2
19 6
28 6
10 7
18 7
11 0
23 3
2 5
20 7
7 1
20 5
4 5
5 1
11 2
26 1
23 2
8 0
25 7
3 4
15 2
17 5
10 2
17 0
9 7
10 6
4 3
0 7
7 6
16 4
30 4
11 7
30 1
0 6
21 3
9 0
20 0
12 3
28 7
25 7
23 2
17 7
24 5
27 3
14 3
28 6
1 1
18 6
16 6
5 0
10 3
10 3
33 0
20 6
24 6
28 1
0 6
17 0
5 0
5 7
22 2
29 1
24 1
14 2
31 1
3 5
18 4
3 1
11 7
19 1
7 6
11 7
32 2
16 4
24 7
25 3
0 1
23 2
31 4
28 3
23 8
28 8
32 7
17 1
25 6
12 5
16 2
31 5
26 5
17 6
14 5
30 2
21 8
10 4
37 1
18 5
21 5
23 5
5 0
34 8
21 8
4 8
27 7
11 2
31 2
35 5
21 4
8 5
16 8
34 1
20 2
30 3
11 3
24 6
20 3
18 3
19 0
16 4
7 0
12 8
30 3
20 6
37 3
19 5
36 1
29 5
7 8
0 8
9 5
26 3
31 1
37 8
29 0
34 6
16 5
13 2
0 6
7 2
33 3
21 2
0 4
24 5
38 5
22 7
24 6
40 5
14 4
32 2
20 7
18 4
35 6
3 0
27 0
35 1
37 3
3 6
31 7
6 2
18 8
21 1
15 3
11 5
16 6
35 5
13 6
7 6
14 8
24 8
9 3
30 1
2 5
36 8
22 8
11 9
35 7
36 0
17 8
44 3
14 6
29 0
28 6
13 3
32 2
43 6
15 6
43 2
44 0
13 8
9 6
31 9
7 2
42 0
21 4
15 8
37 3
13 2
16 4
14 2
41 1
18 3
40 2
7 6
12 4
22 1
0 1
32 9
48 5
41 2
41 2
31 0
33 9
30 4
47 0
6 5
33 0
28 2
10 4
2 8
36 7
33 2
46 0
13 0
44 9
3 6
28 9
46 3
38 9
37 8
34 3
7 1
15 0
20 4
31 0
9 4
28 7
5 7
12 6
32 6
0 9
29 9
11 1
23 0
21 9
33 7
8 8
21 4
32 6
16 9
34 5
46 9
16 4
45 2
17 8
7 5
17 0
41 5
35 4
51 8
14 9
1 0
42 0
4 7
10 1
5 6
16 0
8 1
0 1
7 5
23 7
17 8
10 4
17 9
7 8
44 2
38 2
47 8
35 4
4 1
15 1
28 3
6 0
45 10
17 2
22 4
17 6
8 9
31 8
29 2
6 6
37 10
4 5
23 4
13 7
3 10
17 8
52 0
20 2
14 8
33 6
33 5
23 8
32 3
53 7
57 1
48 5
3 4
21 6
35 8
53 1
31 7
33 6
37 2
6 0
15 4
13 8
14 5
7 10
55 6
51 0
56 10
20 5
10 1
22 5
28 10
17 6
30 10
32 0
28 2
31 5
28 7
1 8
21 2
5 0
22 5
22 0
4 7
8 1
0 4
30 3
48 1
56 7
16 9
32 4
11 2
10 0
29 6
56 1
35 1
41 8
14 3
13 6
59 6
33 9
54 4
16 6
38 2
40 0
33 1
56 7
28 0
55 9
60 10
1 6
60 4
24 7
9 2
57 9
6 5
3 7
46 2
48 0
9 3
24 5
31 4
30 6
34 0
20 0
22 2
51 2
36 11
27 3
15 0
59 1
60 5
26 1
52 4
5 4
7 3
59 8
56 0
35 1
14 1
9 7
47 8
21 4
16 6
10 1
29 9
45 5
55 0
28 4
0 0
51 11
60 11
65 2
57 1
13 3
21 10
4 11
3 1
43 11
44 8
51 0
32 9
64 5
40 5
52 8
34 6
15 9
32 2
69 11
58 10
62 2
54 11
19 10
6 1
17 7
41 8
46 1
39 8
65 7
46 8
15 4
59 7
27 6
14 8
21 0
59 6
23 10
43 2
41 0
20 6
41 1
9 8
57 11
23 7
62 1
27 7
72 9
9 3
5 6
40 4
68 10
30 6
40 9
24 2
61 7
9 11
31 6
71 6
47 5
10 8
42 3
14 2
60 9
51 4
4 2
6 3
57 2
46 9
5 5
70 7
31 10
35 3
21 7
37 6
43 9
11 5
22 10
17 6
2 2
14 4
37 12
12 2
4 3
71 3
34 5
68 7
43 12
66 3
41 2
10 10
71 12
74 0
8 8
65 5
2 0
28 4
9 4
15 6
36 10
12 11
18 11
76 0
60 2
6 3
76 6
44 9
53 7
9 2
50 1
23 3
48 5
29 0
29 7
64 2
27 12
64 3
77 5
5 0
5 1
20 8
14 10
52 4
15 7
2 10
16 12
58 0
23 4
74 6
39 10
30 2
78 4
79 10
69 6
3 6
52 11
31 11
66 8
24 3
53 2
32 0
17 4
38 3
7 12
14 4
52 3
37 10
44 4
27 4
52 11
12 2
58 3
37 4
63 11
26 4
62 7
13 6
31 3
30 2
19 5
19 9
49 10
9 5
82 0
55 7
52 3
47 2
10 2
80 5
4 3
44 1
85 5
73 12
33 2
20 13
72 12
26 12
4 1
0 4
65 7
28 7
73 13
60 4
21 10
26 9
84 4
76 3
85 3
9 3
32 6
42 12
45 13
13 10
2 7
15 10
72 2
39 4
6 13
57 7
86 11
12 0
19 10
40 5
12 7
26 11
28 5
13 9
13 5
17 4
60 10
24 3
22 13
65 10
88 11
38 2
63 13
53 7
49 5
67 12
30 13
11 12
56 10
58 10
69 4
52 6
19 7
46 2
39 4
60 0
83 0
65 5
22 10
81 6
76 5
65 12
82 12
59 10
51 0
30 8
73 9
12 7
1 2
49 1
92 7
32 5
62 10
21 7
5 3
73 3
71 5
3 2
52 3
89 3
90 4
34 2
16 5
81 7
88 7
4 12
86 2
14 7
35 9
26 3
4 6
67 1
8 3
23 0
19 13
18 6
83 10
72 13
55 4
4 5
40 2
22 12
5 9
83 13
45 0
92 14
15 12
2 14
2 7
35 5
86 2
8 0
96 6
81 9
13 9
44 10
12 0
69 10
90 9
7 11
90 10
96 14
85 13
66 11
0 9
72 8
55 4
42 0
75 11
28 4
49 8
61 13
52 8
82 9
15 0
19 1
94 10
96 4
47 13
59 10
10 8
94 13
61 13
58 5
58 1
55 3
76 6
63 8
87 14
79 6
97 5
82 4
6 6
22 4
31 7
76 13
67 9
4 1
31 8
6 13
53 12
9 4
44 12
19 5
87 3
56 7
46 5
7 8
34 11
20 14
4 5
71 1
35 8
71 13
92 1
46 4
69 4
48 4
35 5
16 9
59 10
6 10
58 10
59 11
15 10
59 4
12 6
29 6
100 9
29 8
81 2
104 11
24 3
48 4
66 14
12 14
23 6
38 3
21 9
62 10
22 13
4 5
67 4
21 2
24 14
49 1
4 0
14 14
47 14
73 8
7 9
85 0
92 13
106 7
34 4
8 5
54 0
22 5
61 6
67 6
37 12
22 5
58 11
53 2
3 4
42 8
43 6
101 3
64 4
60 4
83 5
91 11
53 5
102 13
3 14
49 4
79 8
5 10
2 3
85 9
67 4
62 6
97 8
0 7
59 8
79 0
51 15
17 7
88 6
95 8
100 5
19 3
73 7
38 14
27 0
100 11
55 5
109 10
73 7
32 2
12 11
90 13
55 14
98 3
32 7
61 13
27 13
80 0
83 2
70 11
51 10
21 2
43 11
38 3
25 1
22 2
13 14
79 12
66 0
89 9
62 0
32 14
91 15
27 7
79 3
28 6
105 10
35 15
5 13
25 5
66 4
99 2
41 4
59 10
23 11
92 6
51 3
8 2
93 11
0 2
83 6
17 11
89 7
70 9
102 3
69 11
50 4
95 13
96 9
108 3
92 6
84 8
65 0
35 10
72 0
91 15
112 12
22 15
27 11
32 3
28 2
20 2
66 10
31 2
10 16
113 0
15 14
35 1
109 7
39 2
64 2
110 14
113 4
17 11
69 15
2 15
29 2
42 7
19 16
85 13
30 10
3 10
76 1
110 16
79 0
5 14
29 13
81 6
66 4
86 6
81 13
16 11
118 15
9 10
35 1
9 10
105 10
94 1
118 7
52 11
9 5
77 4
3 8
14 4
76 6
82 7
77 1
110 3
84 7
85 16
97 2
10 10
61 2
71 5
44 16
42 10
48 12
70 15
59 12
113 9
0 11
71 9
30 1
44 7
52 1
74 13
120 3
57 4
108 3
3 13
50 10
99 14
28 0
29 6
66 5
26 15
118 0
10 11
98 7
28 7
29 9
96 5
37 14
78 4
28 7
113 4
28 13
95 13
82 0
73 3
79 12
113 10
42 6
39 15
42 7
121 10
11 0
74 0
30 16
84 7
6 14
94 14
39 5
14 4
70 9
35 15
71 8
27 15
123 2
111 4
55 10
52 3
121 11
113 13
38 14
52 1
94 17
108 15
66 7
98 15
49 5
108 8
93 12
108 10
73 9
112 8
101 4
46 8
126 5
4 15
44 8
127 16
61 12
90 10
8 15
11 6
4 17
126 12
12 4
94 4
55 14
34 15
65 16
77 12
131 6
44 9
127 10
90 15
107 13
126 15
55 8
1 9
44 11
6 5
122 12
67 13
60 1
31 11
130 16
65 9
0 5
76 5
49 12
73 0
12 13
39 1
47 6
62 12
53 10
90 17
78 6
110 15
132 7
58 1
116 7
21 1
43 4
101 9
16 16
7 17
7 0
60 17
113 1
18 2
116 5
11 10
64 2
78 14
119 8
101 15
66 2
31 0
48 6
52 7
90 3
17 7
43 16
9 16
69 18
84 2
115 11
45 13
36 8
4 2
135 17
86 11
60 17
73 11
83 13
23 1
65 16
2 10
106 13
121 5
20 17
8 8
129 7
104 13
76 8
80 15
72 3
24 0
130 11
138 0
88 10
17 3
24 16
91 0
7 10
83 7
29 17
17 12
92 18
86 6
117 13
69 2
51 2
69 2
8 13
113 18
82 14
77 6
123 4
2 17
66 13
137 2
15 17
94 7
96 17
110 16
72 3
113 11
75 9
101 7
14 18
63 15
81 16
83 17
138 14
34 14
81 8
48 7
100 0
139 5
31 6
115 0
124 16
88 3
73 4
1 14
119 13
119 6
67 11
33 9
100 6
93 13
42 8
56 6
80 15
87 6
57 18
17 10
88 17
36 3
19 19
71 5
30 17
25 0
55 13
141 6
64 11
118 13
12 5
27 19
5 18
10 2
34 4
140 0
111 5
39 5
5 19
132 17
49 4
63 13
39 19
134 15
118 19
23 16
136 19
79 6
100 18
13 10
137 13
79 1
41 16
48 9
138 19
18 19
142 7
8 7
129 1
23 15
143 0
23 12
39 0
38 9
63 0
48 18
10 2
89 16
90 14
109 19
25 13
149 8
10 0
88 19
121 13
35 4
99 5
42 7
142 6
46 13
144 0
120 15
93 11
96 12
61 6
120 13
121 5
0 1
143 11
46 17
26 1
31 5
51 16
54 18
135 16
85 8
80 11
84 2
152 9
17 6
153 2
108 6
41 12
17 16
28 12
51 0
114 13
7 2
129 8
0 5
16 3
144 12
20 0
68 17
121 8
47 5
38 10
5 7
66 20
23 0
17 5
29 6
84 9
143 4
94 7
0 10
33 8
78 12
124 10
94 2
15 3
21 6
110 20
127 3
65 10
66 5
9 10
111 11
24 5
90 7
121 14
140 7
111 10
64 19
137 18
141 10
122 18
18 6
111 10
14 17
148 19
35 10
135 5
132 7
154 2
103 9
124 12
50 11
80 8
57 4
106 6
83 4
106 7
67 9
22 14
87 19
73 9
68 0
124 3
100 13
53 5
68 14
125 14
92 18
89 13
34 9
32 18
150 9
132 3
21 4
140 13
113 2
140 1
156 2
7 20
33 11
108 9
16 12
82 2
35 12
160 20
92 19
76 6
3 18
21 19
139 20
61 18
84 13
66 11
115 20
14 0
137 18
52 4
36 6
143 14
0 8
66 4
95 12
70 18
152 10
114 15
71 4
96 7
104 8
157 4
106 14
146 0
0 1
71 11
53 15
1 21
81 8
140 20
114 15
164 15
160 18
32 13
106 16
46 12
121 1
4 20
19 11
128 20
51 7
125 7
117 16
114 20
29 16
83 14
17 20
11 12
83 7
105 21
116 7
17 5
83 6
135 18
144 0
123 3
53 2
128 10
120 5
50 19
29 20
145 16
131 19
32 19
33 6
167 15
119 19
168 16
166 20
87 6
109 13
20 20
99 21
47 14
119 0
138 3
106 1
108 14
36 2
75 20
62 0
38 9
84 6
67 18
83 1
95 18
40 16
114 7
51 11
70 8
133 1
40 1
163 19
135 16
119 10
30 3
91 18
172 20
122 3
96 1
115 0
59 10
6 13
142 0
172 16
111 10
50 0
131 19
38 10
126 12
155 7
109 21
138 21
69 2
132 11
99 15
142 13
97 3
165 7
85 19
111 13
129 2
39 1
172 16
10 2
96 16
74 13
70 15
109 9
121 16
50 6
63 20
156 21
46 19
3 0
50 21
85 5
87 19
13 9
90 16
102 20
43 3
136 14
67 7
65 4
65 5
86 11
25 2
173 15
118 20
50 11
45 9
95 10
74 8
38 21
7 15
153 5
25 0
114 10
34 8
149 22
88 7
74 15
39 13
107 13
63 5
137 2
165 14
124 11
83 9
156 13
136 1
133 8
87 5
84 4
145 19
45 12
141 14
133 11
23 17
114 11
19 8
62 4
119 7
131 2
147 16
51 17
0 8
55 8
148 13
75 10
6 9
83 21
6 12
178 11
182 13
104 13
67 8
158 10
60 11
17 13
103 18
75 6
92 14
153 15
57 22
150 10
151 20
12 4
93 1
82 13
142 11
113 11
106 21
113 16
125 19
147 13
171 14
3 16
120 8
91 5
9 21
11 10
84 14
141 8
81 12
178 8
105 18
149 12
44 10
55 10
124 21
170 22
76 11
0 7
71 23
180 3
106 7
16 10
72 2
130 14
116 7
10 18
139 19
32 21
173 11
162 14
84 22
16 10
21 0
167 16
145 19
164 11
133 19
34 8
91 20
59 7
39 5
42 7
72 17
64 10
30 8
152 16
124 19
66 8
72 4
73 22
77 9
152 23
134 14
41 13
58 14
184 22
140 23
120 4
170 20
175 2
23 10
44 4
0 6
91 14
77 4
76 2
143 23
188 22
19 7
191 4
81 17
87 14
143 14
106 4
113 5
123 17
132 12
67 14
26 16
9 22
178 21
22 3
94 9
117 11
43 7
156 15
174 13
133 11
41 7
22 19
113 5
121 11
173 13
116 1
135 3
157 10
173 4
74 4
63 7
131 21
100 19
58 21
188 4
128 10
112 7
187 12
24 24
184 23
97 24
90 15
12 14
144 4
10 17
147 23
71 19
145 24
59 2
104 9
52 16
152 6
178 13
37 12
167 17
147 19
12 3
113 17
3 21
86 0
106 24
96 14
12 23
52 1
107 22
32 15
91 4
111 4
136 23
58 11
121 24
15 14
157 10
79 17
42 15
99 2
182 8
68 5
66 2
95 9
35 22
46 2
143 16
124 0
152 16
19 22
196 9
175 21
127 10
26 22
136 8
28 12
128 16
139 5
77 4
57 22
185 18
198 18
141 3
178 21
69 6
189 6
24 19
198 0
125 23
181 17
72 13
142 24
67 11
196 23
162 14
115 8
120 7
76 5
114 22
79 15
104 10
15 7
63 8
79 2
112 1
141 17
80 13
85 21
51 15
75 24
69 13
26 11
61 12
78 23
114 22
164 16
110 24
57 18
18 16
64 7
160 11
65 17
147 12
137 0
92 19
201 24
195 16
80 17
150 9
13 24
62 4
74 13
20 9
105 4
95 18
50 20
30 6
157 9
155 3
194 0
98 10
0 23
126 0
133 9
105 9
3 5
205 22
63 4
202 6
59 14
56 2
127 23
30 16
3 17
118 1
202 7
82 16
121 16
152 2
167 20
128 17
150 22
34 12
44 10
38 3
118 10
63 23
21 6
25 9
184 17
58 24
20 10
138 8
209 1
84 18
22 1
32 4
142 21
166 10
134 5
93 19
96 2
97 18
77 11
99 10
201 3
75 11
30 21
18 15
154 16
94 5
157 7
43 16
85 25
109 2
60 9
65 3
76 8
13 0
28 22
89 8
92 8
112 22
199 22
93 3
101 4
197 21
172 20
194 9
21 6
98 9
108 18
191 20
211 10
121 8
165 6
173 12
125 11
19 25
125 24
15 5
183 11
19 0
196 14
209 18
175 5
50 0
34 21
70 4
176 1
66 9
31 19
154 3
192 16
211 17
33 16
114 7
11 17
59 24
205 24
60 20
169 12
147 21
103 13
138 6
50 5
210 20
156 24
132 13
127 9
172 16
161 22
24 1
186 6
205 1
203 2
5 10
164 19
95 24
194 15
158 14
92 12
191 2
4 9
21 15
47 25
172 6
108 10
18 23
145 3
158 10
28 16
15 2
15 21
201 6
85 2
163 5
193 4
217 3
26 19
102 8
118 21
69 0
213 5
210 19
159 11
65 20
164 7
100 26
107 21
11 23
98 7
92 21
158 6
208 6
70 22
138 23
165 1
29 9
109 5
46 9
56 17
190 26
50 9
58 10
141 13
142 11
97 18
215 25
220 19
100 7
71 23
74 13
72 5
148 21
220 21
124 26
29 17
85 1
131 16
155 25
220 5
211 1
214 17
39 17
35 6
188 17
218 15
24 13
173 14
29 16
93 23
82 12
104 13
129 0
126 8
189 14
124 8
60 25
137 11
137 2
223 21
165 17
107 21
190 1
205 11
96 24
79 7
10 6
6 0
52 24
40 24
139 8
54 5
187 7
135 2
73 19
20 13
75 4
67 7
38 25
59 24
80 2
217 24
197 1
118 16
187 12
163 25
36 27
174 19
73 26
62 8
121 0
145 0
25 7
56 27
141 1
189 13
163 12
75 13
48 18
207 7
104 6
176 5
41 17
93 10
57 20
132 19
110 26
37 2
107 13
11 23
146 23
211 6
35 0
207 0
225 13
196 5
39 12
202 25
203 26
44 4
194 11
136 8
218 7
33 20
102 9
218 14
140 10
201 2
168 25
92 23
8 11
47 8
165 19
208 17
210 17
168 6
212 18
138 22
116 3
202 7
48 7
177 24
94 21
180 23
90 3
144 13
49 20
99 3
216 19
113 13
199 17
225 18
17 12
180 3
74 2
96 16
116 6
182 23
33 18
202 28
225 4
96 24
111 15
85 22
221 22
81 3
182 12
109 15
145 26
183 16
196 14
75 11
47 3
39 19
87 20
110 20
80 13
136 4
209 26
71 21
79 20
218 4
20 7
71 11
95 26
168 23
190 13
181 3
142 23
78 18
117 17
61 5
52 13
70 10
127 1
60 7
79 7
81 14
107 25
237 4
87 8
229 22
212 9
174 7
128 16
36 4
10 7
225 21
136 8
93 6
3 13
51 22
135 16
165 2
51 10
212 9
200 2
124 27
78 13
161 3
32 18
156 13
203 3
163 27
11 1
38 18
50 1
127 3
2 11
214 10
6 22
154 3
148 28
105 11
34 17
137 27
6 4
25 23
81 20
93 7
56 5
88 19
204 15
47 5
94 4
76 25
18 28
57 18
203 22
90 1
3 1
160 6
187 12
5 24
29 19
22 12
178 21
243 15
142 29
36 3
93 16
131 17
60 6
76 4
192 3
207 19
123 0
117 9
93 9
121 0
222 18
62 26
23 12
5 23
56 8
219 11
76 3
237 29
94 8
27 16
61 10
92 12
139 15
133 23
230 13
218 6
236 18
163 28
200 20
79 8
213 12
247 10
148 12
35 8
250 4
201 25
133 18
3 14
218 21
162 5
65 14
158 7
163 3
212 18
165 12
68 26
246 29
168 24
78 10
187 25
146 24
8 6
56 27
106 23
85 16
154 0
15 22
183 15
251 13
89 22
36 0
79 20
9 16
24 0
224 15
162 26
72 17
154 11
92 23
164 13
156 5
221 8
78 0
135 17
92 22
96 22
158 27
95 8
228 25
247 28
92 5
17 24
26 28
244 1
208 27
191 8
44 26
193 15
5 29
168 22
141 4
42 9
123 23
16 17
6 17
122 25
58 1
195 15
241 13
152 22
217 24
14 17
27 13
27 28
216 13
55 28
183 14
18 30
51 19
111 4
205 21
135 25
171 6
87 19
113 23
246 9
158 12
71 18
204 27
150 29
39 22
231 4
120 22
50 11
163 28
95 6
91 11
38 26
167 7
146 15
193 27
209 25
157 7
182 24
167 2
63 0
108 23
113 4
131 23
44 30
35 24
115 5
247 2
39 12
225 17
121 6
259 19
247 12
18 16
208 9
34 17
64 12
262 14
135 2
143 0
172 25
201 7
45 7
133 29
190 24
58 6
209 11
147 20
227 27
179 3
259 3
85 8
203 23
86 27
116 19
175 23
208 5
186 29
130 19
219 18
149 9
85 13
7 9
177 30
173 5
16 24
93 0
31 28
103 29
126 10
131 4
5 8
67 19
34 23
177 9
8 7
56 19
191 4
241 27
73 11
234 6
210 4
160 8
162 4
161 17
222 21
210 30
237 27
100 20
3 24
148 9
179 13
83 20
233 24
185 22
252 6
27 28
157 26
124 22
79 1
61 19
139 4
170 25
93 6
0 16
116 17
31 24
207 8
121 1
182 17
257 26
232 8
209 21
207 16
4 29
264 17
133 27
192 28
67 9
22 20
232 22
112 31
166 7
145 21
124 15
128 22
93 9
193 21
70 15
67 0
22 9
253 12
120 9
164 26
248 18
98 31
210 28
249 12
157 21
78 29
91 25
0 9
233 5
83 9
220 3
208 15
64 27
84 23
72 25
155 7
218 24
172 24
55 5
196 28
26 30
242 17
35 28
148 28
77 11
31 26
94 21
87 10
110 0
187 26
0 19
65 23
110 27
110 5
70 24
137 4
272 5
222 3
26 2
96 28
47 1
91 5
86 13
124 0
268 24
97 15
255 22
190 5
88 0
255 21
193 26
179 1
253 19
84 15
15 14
243 11
164 16
48 16
15 7
223 32
51 1
109 6
143 14
193 1
14 26
84 28
161 6
226 4
166 17
0 11
16 6
63 3
169 8
26 24
268 26
229 4
155 26
184 29
188 28
57 9
251 13
54 19
98 30
11 25
139 30
116 15
81 26
196 15
239 3
54 8
197 1
216 22
142 7
69 18
110 28
25 28
166 12
32 13
271 6
17 28
169 0
257 3
280 28
106 6
29 2
171 29
174 11
145 24
282 9
44 26
139 20
43 13
78 25
89 8
268 24
198 31
46 13
208 5
126 10
161 1
99 14
107 31
217 11
113 29
244 16
190 0
6 24
25 21
82 8
90 13
184 19
93 9
191 19
236 3
202 9
227 0
12 8
219 25
29 11
247 13
264 28
85 14
182 19
69 23
99 9
63 23
95 33
27 0
8 21
113 15
83 27
183 3
85 8
138 21
3 25
242 30
99 25
196 6
37 3
242 24
129 6
218 2
114 15
31 3
101 9
180 30
150 23
33 27
122 13
119 7
0 32
80 32
194 31
154 32
208 32
167 29
38 6
66 4
159 30
69 9
244 5
16 20
31 28
203 21
59 10
85 8
152 6
57 2
132 24
140 27
139 21
275 27
49 31
41 5
46 32
33 23
175 4
240 28
87 7
61 22
2 11
64 11
66 2
241 28
0 15
10 0
283 12
122 30
229 15
23 18
10 11
203 20
49 21
230 23
108 3
186 13
232 10
53 5
10 28
151 22
88 27
129 28
203 29
97 3
232 13
264 33
65 26
4 30
95 18
81 25
225 19
171 1
47 7
80 2
129 9
16 19
267 30
4 9
218 0
64 29
130 7
266 19
90 6
137 13
258 24
18 13
194 7
254 33
109 33
210 27
189 34
199 27
93 18
226 28
247 14
288 33
45 2
268 34
156 14
233 0
18 19
126 6
103 4
50 0
12 2
155 6
24 24
236 16
89 0
255 24
246 2
261 8
81 9
296 22
16 18
78 9
117 22
12 4
60 26
15 17
240 14
97 16
280 15
291 0
241 33
263 1
183 20
287 15
10 17
5 0
52 31
8 18
208 30
281 6
151 5
180 32
173 17
277 33
119 32
268 22
59 31
97 1
173 27
228 30
11 4
229 4
40 3
171 7
199 2
179 34
140 27
284 19
25 26
222 0
179 29
276 10
120 6
237 15
142 21
17 3
73 9
176 32
123 27
203 4
65 6
287 23
263 33
222 33
204 33
5 30
298 0
304 2
210 15
218 24
295 15
43 3
258 13
60 16
79 3
102 28
291 4
109 14
131 17
182 29
170 14
238 2
169 29
31 25
55 3
257 16
0 1
128 25
205 12
55 0
41 24
229 26
261 30
55 12
199 30
177 11
187 21
227 15
195 10
91 13
234 2
181 35
23 7
82 21
261 11
202 16
144 19
51 31
130 7
17 11
1 34
42 25
279 34
30 14
48 5
39 24
152 13
170 30
114 12
167 8
78 2
303 21
276 6
291 23
295 6
251 20
38 8
43 25
276 16
25 28
101 33
193 31
1 13
160 10
294 15
22 23
25 16
8 4
256 23
70 25
34 5
180 30
44 19
0 8
72 32
195 27
278 35
103 20
79 0
230 33
213 22
231 35
55 32
144 2
104 21
13 16
291 14
119 18
182 14
104 19
32 12
77 0
30 18
124 28
121 10
266 31
28 6
227 19
96 15
2 20
20 20
74 14
87 13
171 32
150 15
60 3
312 3
95 2
270 23
236 33
157 26
7 33
57 2
13 28
101 8
280 10
213 31
170 30
296 30
127 25
276 7
200 29
266 16
291 19
232 21
151 0
68 32
250 1
312 5
48 22
72 7
238 2
66 5
268 14
170 9
313 21
36 36
318 0
69 11
146 22
168 4
85 34
219 28
245 27
285 20
308 19
6 22
161 31
315 9
93 16
159 19
243 1
170 32
306 15
127 7
49 13
2 17
95 10
211 18
74 23
190 6
174 13
297 21
163 7
117 20
304 17
167 17
304 8
18 19
269 7
249 13
171 29
262 13
204 30
99 17
48 10
199 16
34 1
43 23
231 23
173 35
186 33
2 1
31 27
297 31
122 33
24 0
66 33
168 7
183 33
267 7
41 35
14 3
183 18
57 30
277 27
294 32
175 12
105 12
244 19
291 23
178 35
200 31
15 37
264 25
194 6
255 20
159 10
186 36
122 21
322 34
124 7
63 32
215 20
323 3
73 32
42 17
24 8
23 30
194 30
109 8
78 26
127 35
299 28
266 28
116 14
114 34
119 9
223 4
232 24
142 19
136 0
56 12
105 25
161 2
26 4
279 8
106 9
209 29
211 2
126 19
0 11
218 9
184 6
113 10
288 31
38 5
273 13
26 22
150 22
238 10
81 10
71 18
150 32
216 31
96 10
202 19
178 19
236 11
49 15
40 31
109 11
14 4
7 8
0 11
106 26
314 21
94 24
260 1
76 8
278 23
211 25
311 4
69 22
216 29
27 3
95 10
9 4
72 15
286 1
197 15
151 18
158 33
212 21
271 29
242 18
105 22
254 23
241 34
142 0
204 22
245 19
145 34
270 19
305 23
205 16
96 34
153 29
260 10
178 18
126 6
154 37
259 12
288 36
100 34
208 26
122 36
328 31
322 22
92 29
333 10
334 29
289 34
292 12
308 27
232 36
60 32
149 4
282 25
89 8
5 31
272 15
146 13
48 6
276 5
111 12
64 32
31 10
119 38
268 28
186 32
220 34
159 33
334 10
283 8
10 3
110 7
103 11
20 32
200 22
300 38
156 7
253 6
38 1
316 11
80 21
6 34
305 2
87 7
101 30
294 14
127 4
236 14
299 18
335 18
168 21
101 15
287 23
260 3
162 7
134 25
240 37
152 19
316 19
205 6
205 5
156 14
165 4
227 13
234 11
32 5
267 38
326 14
180 31
339 14
139 38
271 28
94 27
135 20
157 8
294 21
292 13
267 11
220 26
203 12
237 32
111 30
135 37
70 27
184 17
110 3
187 29
293 3
249 2
331 4
273 37
342 23
41 7
143 24
286 14
50 19
338 39
173 34
301 28
169 5
68 8
77 32
96 39
224 37
196 29
187 8
34 17
261 2
183 9
219 0
92 20
344 11
172 2
144 7
175 12
144 32
165 24
230 13
200 7
2 23
206 14
305 33
317 20
122 36
92 37
149 16
328 1
348 22
48 36
201 18
280 5
328 34
242 24
276 23
230 0
51 19
318 22
298 1
65 26
130 31
317 8
34 36
13 34
245 4
244 36
58 16
45 20
117 15
115 37
114 3
197 21
35 9
200 4
155 12
161 18
31 18
164 14
244 5
102 7
227 30
302 6
340 20
40 1
31 35
334 32
104 11
170 24
227 25
202 6
37 27
303 8
213 34
318 28
197 21
87 7
313 21
8 10
40 6
43 16
63 12
5 39
300 5
237 10
157 21
90 15
82 39
203 25
294 22
292 2
318 4
123 17
52 30
325 18
235 17
237 9
182 30
20 9
197 22
319 20
102 9
191 24
117 32
10 26
321 37
23 7
52 35
116 8
274 29
282 25
86 16
205 25
256 6
234 32
160 11
287 0
242 30
320 10
230 17
177 35
168 14
313 31
51 11
79 11
82 23
231 15
213 28
90 6
223 24
161 4
258 27
172 4
107 1
218 13
271 4
95 12
98 38
115 12
91 3
246 37
168 8
192 8
73 34
314 20
342 18
69 40
290 39
183 35
183 3
68 22
207 10
139 2
212 10
335 3
133 17
18 39
229 9
24 21
93 13
278 12
150 21
30 25
281 1
219 11
54 40
233 26
166 23
18 26
295 21
30 16
164 34
299 27
322 36
80 21
215 28
151 40
56 11
255 18
167 21
154 26
342 21
331 23
258 23
176 33
37 5
305 24
180 0
356 40
23 20
17 20
132 23
93 15
159 15
344 30
284 2
273 12
76 3
287 1
168 8
215 5
52 1
356 10
361 9
364 17
169 12
328 18
330 9
37 2
268 38
44 5
183 15
300 2
14 0
194 36
257 8
49 35
365 12
325 5
159 19
284 16
362 22
332 8
327 21
287 6
49 27
52 38
348 14
52 20
44 37
294 38
57 29
48 30
357 5
25 29
129 10
236 18
183 38
366 41
331 21
147 16
111 13
261 21
78 38
50 11
102 3
10 28
231 40
118 24
92 28
164 19
121 0
10 34
207 7
228 1
361 2
181 14
188 14
71 36
115 41
82 3
157 32
170 11
4 23
334 18
52 41
278 8
218 18
249 23
54 30
114 1
69 24
206 19
289 28
89 37
333 12
340 27
252 14
76 15
254 1
65 34
272 38
142 12
171 20
295 20
208 25
292 36
41 6
293 15
296 3
17 32
106 31
370 0
86 38
245 8
70 11
289 3
231 5
250 15
154 4
341 27
127 9
226 31
108 39
277 31
254 31
255 4
51 2
334 6
152 6
137 24
343 32
332 23
354 41
336 20
223 29
204 39
214 35
2 34
93 40
290 1
85 25
247 5
178 0
3 14
256 2
94 11
56 19
350 0
157 7
252 30
45 40
125 6
288 5
41 8
371 3
50 25
202 4
19 33
233 33
152 1
345 16
155 15
92 36
178 2
147 12
46 28
134 29
46 2
317 33
319 4
264 8
191 35
329 17
96 11
140 10
381 8
143 3
44 3
350 28
133 17
270 29
203 33
258 13
278 16
243 22
30 17
103 13
203 0
242 28
310 0
90 28
117 28
244 37
223 30
149 5
355 15
220 40
91 8
185 31
382 42
309 11
11 21
321 29
10 16
41 6
207 29
205 12
64 10
350 39
268 16
377 19
9 36
167 3
203 11
135 15
64 8
86 13
14 2
147 5
375 27
19 42
28 9
131 34
248 3
13 31
266 14
84 27
308 17
20 23
138 18
55 7
75 43
207 24
122 29
355 30
206 38
22 38
207 28
129 42
235 26
127 27
159 39
251 2
176 42
63 25
129 27
175 2
58 13
318 26
247 6
251 25
327 1
277 7
248 22
221 8
96 15
208 15
18 24
334 38
197 9
77 19
335 11
225 3
367 37
83 35
319 21
261 7
172 22
344 19
55 15
290 0
388 20
195 40
242 29
241 34
9 8
34 7
168 29
310 18
31 18
54 36
45 38
249 34
327 32
9 18
78 13
315 31
118 14
351 42
220 6
206 38
203 43
330 34
142 25
389 43
356 11
113 41
390 31
361 36
290 11
341 43
103 0
82 9
262 43
82 38
103 32
9 16
213 10
205 20
274 38
179 6
146 38
341 21
193 40
53 9
258 44
139 36
395 28
190 6
65 5
19 1
208 15
179 14
185 35
120 0
296 6
197 12
317 35
129 20
67 2
181 28
28 32
234 39
211 8
367 0
264 5
196 15
379 44
35 22
107 20
43 27
105 19
163 27
3 18
242 29
273 34
367 25
92 40
121 34
142 19
236 6
292 7
385 36
156 22
149 16
231 11
172 8
335 3
107 30
367 19
365 35
100 39
81 31
76 12
310 42
144 17
123 31
315 43
150 36
54 36
268 18
211 44
164 38
302 38
273 44
111 37
93 27
273 30
345 40
332 32
143 23
177 37
11 17
378 31
111 41
351 19
326 36
83 31
308 17
269 31
392 38
301 13
80 10
320 38
386 18
141 39
221 40
341 5
378 28
392 26
63 33
124 0
193 30
88 8
80 25
139 28
322 40
184 0
309 29
63 9
22 13
223 6
85 0
2 24
303 32
183 40
382 1
278 45
308 27
322 0
307 36
372 25
363 40
103 31
283 31
104 12
245 12
364 24
377 10
80 36
349 6
266 40
232 33
95 18
202 28
239 17
374 43
45 17
180 24
322 35
239 25
387 17
210 29
370 44
368 44
163 25
325 1
229 9
408 25
232 11
354 23
108 25
305 27
35 8
289 17
363 18
78 7
224 8
212 0
54 44
357 39
372 39
314 36
278 8
158 26
216 38
55 21
223 45
258 32
273 42
228 6
68 19
278 29
58 40
63 18
384 14
239 9
129 31
309 19
271 4
58 12
135 27
174 29
81 40
222 19
52 41
69 43
138 17
101 6
90 40
362 36
169 34
296 13
201 14
89 29
61 7
360 22
48 33
222 3
60 28
383 11
225 11
83 33
226 5
167 22
99 11
335 41
166 13
97 41
162 45
112 7
375 4
389 5
282 19
254 11
37 4
20 11
32 42
253 24
154 3
109 39
78 16
136 16
6 32
236 38
271 22
76 17
39 31
9 39
350 11
301 33
327 45
112 0
393 39
303 33
404 24
21 46
372 33
91 37
93 17
53 22
53 6
417 10
235 12
221 0
152 10
350 21
120 4
86 35
416 42
84 31
26 24
279 10
299 1
316 2
147 30
100 1
331 42
161 34
256 14
219 41
78 39
34 6
407 12
130 39
214 38
93 2
412 17
381 12
223 32
284 7
200 44
220 5
247 43
114 27
411 14
17 37
408 35
3 41
135 17
226 37
221 36
58 39
283 46
392 9
116 22
144 40
254 44
407 28
355 38
201 17
174 11
217 9
245 7
334 31
198 14
186 22
403 30
87 3
153 0
389 4
313 30
375 9
231 19
252 41
220 40
174 27
181 19
121 28
170 13
296 7
120 17
198 31
339 6
18 38
87 23
122 13
36 41
290 4
125 9
191 47
4 7
402 14
238 16
57 43
276 0
144 9
369 27
148 29
318 27
412 1
249 4
141 21
408 9
90 8
191 43
376 36
403 45
424 12
160 17
381 6
32 2
376 38
307 9
422 12
378 4
149 23
60 39
174 40
50 26
60 18
330 27
83 4
363 24
375 19
242 36
34 45
32 13
48 18
325 41
225 37
405 15
220 6
25 35
67 39
137 34
397 20
273 21
378 19
209 14
64 29
197 20
332 7
8 3
341 12
122 21
220 11
185 3
316 37
64 27
251 25
76 34
147 29
268 28
272 12
215 28
88 5
66 13
394 3
0 36
161 33
251 14
92 32
340 17
286 3
401 21
134 5
157 8
291 43
360 12
198 45
142 5
158 28
368 29
363 12
431 0
305 43
14 0
379 9
112 18
200 16
156 40
129 2
373 1
400 41
69 23
95 25
235 40
154 12
101 45
420 26
326 46
331 14
38 31
251 28
278 43
64 35
426 28
362 4
396 30
273 16
278 24
381 31
375 22
419 3
176 31
80 5
399 23
399 18
175 3
153 47
313 31
95 1
11 35
150 16
339 0
72 45
427 22
252 3
367 24
153 1
102 28
320 9
177 1
198 36
181 12
112 6
428 27
197 21
69 42
232 32
19 41
417 27
319 2
400 43
40 10
137 26
430 35
337 24
363 15
170 12
265 43
395 18
345 6
165 3
125 3
237 43
213 19
228 45
229 27
389 24
28 3
315 12
70 29
268 34
118 5
18 24
361 23
282 15
351 35
339 0
112 45
17 6
216 37
35 38
66 8
177 8
177 28
406 48
214 20
73 19
377 18
80 41
65 27
338 1
211 18
251 12
365 24
105 26
340 40
287 39
104 38
156 18
380 10
156 27
78 13
388 48
315 3
33 29
190 23
408 38
146 30
354 32
245 11
287 43
281 47
435 30
224 48
106 11
401 5
115 48
56 23
170 7
58 0
222 31
168 37
146 1
110 1
19 35
445 28
430 13
365 24
398 49
238 16
331 9
4 18
109 40
271 17
266 49
352 21
412 45
367 47
48 22
252 6
402 1
282 6
287 14
47 21
105 15
326 1
240 3
446 47
228 38
183 25
163 22
198 4
89 5
238 14
405 48
52 37
276 3
154 45
336 23
263 14
332 44
178 16
288 29
307 43
9 5
341 38
87 21
264 41
87 18
341 6
242 3
374 27
371 44
405 7
73 15
133 5
39 48
216 38
19 32
409 11
327 19
235 49
116 9
82 7
141 19
207 17
232 13
9 48
386 4
49 36
199 18
84 3
415 37
288 44
193 34
71 19
142 7
84 3
24 39
389 24
374 20
90 17
300 32
306 42
65 28
322 8
415 25
351 33
325 2
153 11
268 49
374 13
418 29
203 42
322 19
270 38
0 35
293 11
406 15
390 42
218 1
262 21
7 42
389 20
252 45
109 46
105 33
169 29
446 42
452 44
296 34
77 48
17 25
80 11
270 40
267 49
322 19
411 49
335 31
58 45
397 18
364 44
266 38
30 22
119 26
63 19
130 44
189 49
419 14
340 26
388 28
175 38
431 47
128 38
428 43
58 27
164 27
438 49
259 17
120 15
270 32
74 8
446 35
145 8
244 2
223 38
53 3
38 40
435 21
311 27
73 32
16 9
242 26
57 3
286 25
235 1
69 41
132 11
25 38
224 3
66 43
98 30
228 21
48 18
27 43
293 42
396 44
33 49
305 24
152 30
272 23
87 40
132 30
416 37
136 45
443 37
173 50
138 16
314 13
272 19
254 37
13 16
349 12
377 10
50 4
307 31
103 11
320 21
175 49
390 26
230 42
95 41
209 27
301 0
318 16
223 15
264 19
278 26
345 46
297 50
74 42
461 47
200 24
200 1
393 12
244 51
359 10
453 51
423 36
71 30
349 32
120 49
335 12
412 18
93 33
306 18
153 31
12 33
332 43
266 16
125 0
423 12
436 4
121 40
225 33
234 21
340 12
173 35
183 13
387 15
31 2
404 19
246 22
215 9
256 29
352 32
105 39
77 43
249 40
285 4
76 24
310 28
67 6
9 29
371 7
172 46
63 44
343 51
45 14
22 45
48 22
388 9
302 16
42 7
95 50
397 37
187 3
340 38
278 41
153 43
252 20
257 1
342 27
274 38
34 9
458 35
269 17
221 34
344 40
71 39
48 21
414 42
256 35
199 0
120 18
6 27
401 19
465 40
118 50
37 38
249 44
121 9
408 24
40 41
399 37
407 47
331 4
56 12
340 42
188 43
284 2
187 44
271 51
290 25
263 39
228 6
5 27
66 22
211 0
112 51
386 17
268 37
235 25
108 28
48 11
444 38
439 21
443 32
84 25
449 28
186 50
117 37
323 44
328 28
132 50
372 33
3 29
406 20
447 24
450 35
63 22
335 52
433 47
2 33
329 19
50 39
12 9
434 10
120 28
156 6
229 38
381 27
323 4
148 17
3 1
416 25
264 42
363 27
205 47
403 13
354 19
451 18
24 47
19 34
61 41
150 44
280 38
230 8
269 9
233 17
83 47
370 10
295 5
93 3
203 12
254 15
451 31
416 15
245 32
51 26
24 10
155 13
324 46
126 27
0 1
322 35
214 4
300 13
422 15
469 3
253 42
319 4
326 15
122 21
47 2
259 47
209 36
64 26
63 34
478 41
480 32
480 23
393 12
370 4
146 50
154 14
420 8
263 42
268 23
143 22
177 42
438 30
318 18
50 24
397 1
54 28
349 12
428 33
19 3
37 39
214 23
118 22
194 29
478 30
357 7
88 42
366 8
232 38
433 21
211 15
208 52
464 20
438 23
128 27
416 47
377 47
355 47
358 35
97 14
113 47
216 6
341 35
235 36
65 50
402 43
100 24
213 16
487 14
313 53
403 7
342 38
380 8
15 14
64 13
441 53
21 45
311 33
72 41
116 41
152 24
4 30
345 40
72 47
431 28
213 40
296 13
299 10
261 42
458 50
241 8
125 6
147 13
1 27
483 42
63 34
104 40
201 51
265 36
2 20
229 48
227 49
121 51
0 25
465 10
218 37
408 33
431 3
322 19
268 51
136 9
265 51
24 37
287 24
276 13
416 4
390 29
135 28
474 48
319 26
274 23
351 49
346 54
129 27
432 27
488 25
9 17
239 14
38 24
14 14
183 5
41 30
414 35
239 20
488 47
326 45
404 52
355 31
252 24
397 28
392 26
215 12
199 2
293 46
79 17
461 38
0 21
238 15
173 24
401 49
322 26
147 30
156 19
276 45
129 36
302 50
155 24
9 25
74 42
491 0
463 36
300 52
145 40
440 33
390 10
18 51
120 49
75 8
325 14
249 41
471 46
257 51
200 18
199 8
499 40
66 13
182 9
172 4
276 20
492 7
256 51
483 5
230 48
182 48
154 51
93 40
34 49
252 7
198 7
328 20
422 24
430 3
432 18
326 45
371 31
111 27
46 53
72 47
117 18
237 23
393 21
6 7
189 28
444 11
147 47
26 27
178 40
11 38
229 9
408 4
348 35
178 4
18 49
116 12
497 53
224 48
266 31
285 32
478 9
437 45
86 26
350 43
432 54
52 40
123 42
105 1
448 22
23 20
9 31
10 45
195 27
204 4
360 12
286 13
494 40
471 31
430 42
348 55
487 0
306 37
249 42
422 25
382 31
397 1
98 47
180 38
361 17
491 13
215 19
355 27
148 34
365 18
178 54
480 29
80 46
254 24
311 19
190 10
172 53
126 17
507 41
234 51
9 16
197 43
32 52
443 12
464 20
71 27
106 29
178 11
192 49
37 23
397 22
94 15
313 24
184 46
297 8
484 27
223 34
91 44
457 40
84 52
3 11
237 43
162 9
273 11
164 27
313 7
167 16
443 55
452 35
40 42
235 47
480 17
432 10
68 23
508 46
88 30
501 23
193 39
434 5
204 39
333 38
322 30
482 21
384 54
428 46
209 37
400 18
210 55
245 14
459 0
408 44
248 7
217 37
434 32
380 38
184 55
27 17
424 24
230 23
395 52
76 19
83 2
265 3
451 43
299 0
2 28
262 15
138 28
44 1
198 2
222 50
208 55
175 40
450 41
76 30
401 19
425 55
93 36
371 39
332 35
82 25
489 3
367 22
23 6
102 14
88 9
190 20
22 15
87 50
324 37
253 7
369 50
285 18
455 52
325 34
479 32
319 2
302 30
454 7
39 37
315 15
181 28
20 43
277 19
53 29
293 42
109 0
10 4
421 31
268 54
151 28
502 5
18 4
185 11
287 37
310 47
261 41
8 23
278 41
386 48
174 45
2 44
76 53
481 32
151 15
71 22
47 46
30 3
338 17
1 53
426 28
298 30
101 30
252 30
40 46
229 3
116 33
478 33
417 31
208 44
495 40
42 21
76 30
50 46
306 7
495 34
39 20
188 50
218 4
445 26
201 28
123 32
514 38
482 28
445 12
20 25
313 36
505 5
173 36
46 12
325 7
70 26
42 31
241 43
355 51
284 21
91 9
1 39
476 17
396 26
188 29
357 22
256 31
218 31
331 45
192 42
68 11
20 41
361 3
149 46
481 38
307 44
341 15
335 44
143 23
241 13
192 31
326 53
23 34
307 8
483 44
106 15
52 16
290 34
516 22
291 12
339 51
105 6
207 48
164 33
225 35
374 45
101 46
153 7
307 3
317 41
414 56
22 39
135 2
309 11
527 23
230 22
268 11
241 56
406 14
242 49
240 8
198 5
71 56
286 26
112 10
49 34
269 52
177 19
414 48
410 12
54 33
505 52
141 8
114 24
500 39
41 49
153 45
433 5
387 16
309 43
403 5
190 44
434 50
240 47
243 57
450 10
61 7
198 43
140 10
489 32
321 25
490 22
241 13
82 46
31 7
482 57
348 5
80 23
458 23
46 40
47 36
103 52
290 28
78 23
139 53
97 42
463 45
28 54
337 29
17 48
408 56
92 14
54 26
514 46
141 51
421 35
239 4
279 25
266 20
512 13
420 9
17 50
335 23
442 0
468 20
260 3
326 6
400 14
26 43
230 14
92 57
227 29
180 10
117 11
163 52
505 9
0 40
299 52
311 9
197 47
525 22
160 41
497 41
181 23
474 24
442 21
361 21
354 26
283 48
495 27
448 42
238 11
33 47
195 12
144 46
336 3
130 51
498 16
60 25
533 44
309 40
12 53
25 20
537 4
73 16
215 10
149 28
436 48
85 41
471 11
56 22
481 23
189 21
218 30
121 14
279 15
502 43
517 35
329 52
21 51
269 58
272 21
485 21
448 56
399 31
440 27
158 35
115 55
5 55
315 29
340 20
410 24
485 38
237 34
478 16
60 30
333 27
63 12
220 1
216 44
286 41
170 49
101 39
493 17
382 46
94 58
50 23
365 8
55 13
188 11
400 48
435 15
138 35
504 49
396 9
410 0
482 37
34 40
292 36
448 31
162 16
513 19
127 52
335 53
58 39
103 52
346 42
500 34
12 9
491 32
394 55
58 23
134 58
519 49
510 59
473 24
346 21
0 11
103 33
23 30
163 6
28 21
49 51
120 51
58 0
300 28
236 8
391 34
293 20
189 55
176 39
117 19
186 46
56 1
45 21
332 21
91 36
414 23
195 13
286 55
3 18
59 43
246 19
533 11
247 34
26 18
322 3
492 30
4 49
227 18
379 54
503 48
226 12
537 48
41 0
130 50
61 19
158 52
344 41
226 21
549 57
348 17
428 51
359 12
128 10
169 53
48 9
103 49
296 8
67 55
470 24
77 4
229 18
16 51
64 31
163 10
461 29
244 3
513 54
66 16
538 3
428 9
457 20
465 28
478 7
10 39
396 58
148 47
192 5
275 45
392 43
88 18
178 37
403 27
472 7
147 41
534 31
416 27
343 57
304 48
463 22
266 14
491 46
391 58
529 53
363 13
228 57
332 23
343 3
8 39
173 37
154 49
60 2
148 41
295 52
2 40
189 0
500 13
167 30
53 45
178 36
238 9
518 39
46 24
166 11
130 8
276 28
97 3
23 12
429 54
265 43
257 21
88 49
179 16
479 51
195 27
54 46
98 45
556 46
72 6
221 44
164 39
416 58
436 25
125 59
51 21
266 38
126 10
48 25
520 52
82 24
485 21
79 1
153 39
140 30
384 20
447 11
462 56
323 53
97 23
369 28
106 33
356 52
93 8
6 42
147 4
381 45
26 0
331 8
179 14
549 29
261 10
217 56
215 5
371 21
287 45
515 40
176 31
176 35
65 1
56 13
64 58
527 45
463 36
140 7
323 3
479 34
110 21
456 49
24 43
224 35
535 11
99 26
554 28
359 2
42 19
531 34
130 21
141 26
561 39
117 44
391 37
284 9
237 22
102 61
357 53
468 16
513 59
300 54
349 4
331 56
268 53
526 8
261 31
87 47
223 14
282 50
106 42
132 49
193 3
429 35
174 58
278 59
397 56
528 34
27 13
199 25
132 45
18 48
523 45
165 9
296 28
104 28
386 19
208 13
112 30
275 52
569 25
118 1
285 6
88 22
143 18
196 13
242 9
510 28
5 21
533 18
136 40
529 18
296 39
129 7
181 53
252 9
318 0
106 7
264 44
171 24
46 61
142 11
89 0
416 41
531 39
312 43
411 40
120 52
368 55
474 17
252 60
308 13
459 47
466 37
258 26
242 55
210 24
157 45
232 14
43 42
415 58
550 31
457 48
298 46
23 48
394 32
60 31
423 5
507 20
496 27
450 29
99 33
359 41
464 17
529 42
38 39
513 14
83 56
127 2
133 40
186 59
166 57
510 62
252 30
116 14
419 9
45 46
17 12
461 25
394 9
46 7
128 9
198 21
4 52
48 29
273 22
40 42
545 60
156 25
208 43
413 60
125 49
475 26
471 13
235 0
22 17
375 7
497 26
313 28
312 6
135 51
265 23
102 22
405 25
511 55
479 16
207 38
133 14
203 20
279 13
530 41
512 8
80 24
408 20
236 17
417 7
458 57
482 42
448 46
479 39
112 58
556 62
2 32
240 28
573 37
550 53
181 23
92 29
234 57
47 30
430 9
148 14
186 16
53 41
467 62
429 0
12 48
422 39
79 18
13 14
322 54
153 29
558 46
174 42
373 11
72 37
100 51
33 37
555 8
256 30
413 2
437 0
107 25
252 57
21 46
499 62
60 53
6 14
332 47
80 19
569 29
407 12
328 17
129 17
429 52
62 45
386 60
97 4
339 22
336 61
289 13
502 43
24 0
504 1
580 18
366 40
252 30
231 34
367 26
449 1
408 21
255 22
433 10
582 57
492 25
406 44
76 25
271 21
239 38
427 36
395 27
404 52
311 29
522 30
224 38
5 50
583 57
152 55
398 12
463 35
83 25
451 21
557 22
212 16
381 19
440 23
399 34
28 38
243 18
523 35
265 38
509 9
178 7
234 36
304 3
537 38
509 3
342 62
128 12
144 38
342 37
224 6
103 22
363 13
427 10
217 43
462 29
377 59
471 55
24 5
131 5
577 10
231 56
273 52
268 40
558 3
429 16
32 37
152 8
263 36
181 10
20 62
12 3
24 57
391 59
120 15
178 54
127 59
200 19
505 9
186 42
319 53
343 11
179 48
155 0
130 35
311 8
8 52
161 30
95 42
555 48
132 51
554 17
269 32
441 15
496 33
297 62
301 58
306 16
449 64
519 15
530 15
316 54
361 0
405 13
269 41
245 56
452 52
483 15
238 58
211 23
517 28
161 36
474 27
297 7
259 33
125 33
243 14
560 23
132 56
443 37
352 36
421 60
177 62
328 40
53 41
426 49
33 50
169 50
221 32
252 9
394 25
167 13
93 29
433 42
200 39
577 2
121 47
116 3
368 38
572 42
71 38
567 47
104 59
263 28
47 33
408 24
547 8
257 36
114 28
266 43
195 30
58 4
114 58
543 33
258 19
148 0
314 6
339 5
456 40
45 30
22 40
599 10
198 2
386 26
593 4
413 3
259 58
25 19
286 10
212 28
143 3
246 2
180 17
529 55
152 49
157 4
403 53
241 42
503 41
10 27
420 37
95 14
553 49
251 0
582 35
241 3
242 31
137 39
570 65
368 56
469 22
198 47
404 18
111 19
272 20
191 40
74 9
266 10
548 19
283 40
282 10
331 23
148 5
487 34
420 48
40 44
191 49
562 35
34 15
67 26
151 45
557 2
582 62
150 36
217 14
442 9
552 61
513 39
584 54
523 58
547 32
46 30
59 24
350 38
551 37
537 36
81 28
430 56
577 14
118 37
165 49
161 63
191 25
483 34
289 30
351 49
22 41
584 41
610 2
424 53
267 56
537 18
578 49
246 40
15 46
536 15
411 49
67 30
98 63
571 58
390 61
433 16
223 48
86 39
4 33
296 17
442 16
334 5
472 55
561 65
478 13
145 40
19 43
233 63
611 22
135 2
613 50
216 31
484 50
66 16
137 44
198 28
236 3
402 42
194 44
444 51
590 45
276 43
10 56
420 21
293 10
31 4
345 4
425 49
314 14
160 55
384 6
323 0
125 48
497 60
107 27
403 20
468 43
75 30
216 11
359 21
276 28
569 61
78 27
402 12
194 61
547 41
532 1
417 25
566 10
100 31
366 47
298 66
153 48
190 52
459 9
416 54
209 33
234 56
563 10
600 5
381 6
191 25
63 52
386 61
122 19
495 25
334 39
29 3
162 41
44 61
330 4
142 5
596 20
58 52
594 28
323 29
462 31
281 51
52 41
564 9
321 42
17 15
438 61
108 31
478 3
385 66
442 34
69 55
96 55
247 19
163 2
18 54
166 33
291 37
607 35
14 33
59 23
325 10
552 30
584 31
270 23
116 45
303 23
476 3
334 65
148 41
545 25
442 10
343 52
210 18
91 10
43 62
114 32
540 14
204 17
71 53
580 52
539 35
506 38
108 59
426 57
210 34
240 19
620 43
231 49
392 52
372 14
171 48
165 18
525 19
65 66
252 17
561 33
543 56
112 54
376 42
319 25
160 60
329 51
195 24
599 56
41 19
533 50
238 3
386 39
468 7
48 5
221 66
458 50
240 41
56 27
441 45
475 38
10 8
179 35
255 11
50 61
183 25
464 43
51 4
607 19
422 53
381 41
338 65
544 23
501 24
45 58
458 37
302 4
241 42
100 45
478 55
419 66
228 64
595 39
492 28
268 1
318 46
37 51
448 57
256 64
456 32
60 10
393 23
74 8
558 43
582 18
607 48
57 58
615 12
74 41
111 54
158 53
206 6
215 36
411 1
512 64
53 38
34 4
212 39
562 61
578 50
420 66
546 57
412 59
102 42
387 33
142 59
327 52
16 35
535 35
594 36
189 62
124 12
582 66
233 3
16 27
32 21
330 63
6 14
9 5
500 14
596 31
554 62
545 66
332 50
629 26
421 32
390 35
479 65
588 63
608 23
411 15
607 12
47 14
234 68
517 9
155 47
524 21
630 46
158 64
196 62
559 68
417 32
91 60
49 58
2 38
546 2
479 32
526 2
321 63
632 59
170 14
245 65
423 24
2 5
336 57
502 12
57 8
327 63
449 60
227 62
106 10
190 45
141 16
234 50
5 37
186 20
611 35
399 44
342 26
333 49
308 17
83 56
435 48
479 17
411 14
252 37
12 35
461 1
184 47
98 43
354 10
178 10
325 33
395 59
61 24
568 4
272 46
49 59
40 10
395 48
213 54
64 0
542 2
595 42
319 16
280 67
401 59
300 27
407 51
120 35
587 4
354 10
457 39
602 55
181 18
206 10
34 66
512 33
536 3
206 35
56 38
220 67
171 1
625 54
185 57
188 41
285 18
491 12
75 25
622 31
113 26
183 53
529 9
88 3
331 32
289 62
74 26
425 68
14 52
523 21
442 43
542 52
428 36
476 22
138 7
379 21
510 41
114 42
357 47
433 45
517 19
69 46
533 38
312 11
297 10
408 8
177 8
130 63
522 0
485 9
285 18
4 28
6 24
82 13
67 54
442 50
449 50
420 62
502 35
347 26
435 11
492 47
128 61
600 46
186 9
21 49
239 12
271 9
423 52
401 64
98 45
83 57
368 53
286 6
284 35
60 10
311 7
261 3
323 34
311 52
69 32
569 3
459 5
137 8
230 28
193 28
413 11
567 28
589 50
453 66
530 66
266 44
480 60
588 35
82 18
366 55
610 31
556 32
584 6
356 47
32 38
595 44
650 58
79 43
510 12
71 15
254 46
296 50
134 52
75 65
448 58
645 22
110 59
505 67
269 37
540 40
357 36
313 34
615 33
63 42
608 8
263 16
606 60
206 21
425 1
134 31
503 48
334 67
152 8
219 16
636 54
362 61
196 52
132 20
418 53
521 38
528 41
656 8
524 56
462 34
553 58
624 9
9 54
331 60
528 56
338 22
135 16
550 25
556 34
531 33
221 28
589 6
389 36
30 29
34 23
318 9
465 70
112 68
452 63
393 52
178 65
99 47
224 14
7 7
424 55
357 69
474 18
97 16
254 68
323 1
538 55
16 56
554 24
192 32
163 27
311 0
287 55
313 58
460 28
166 15
526 23
50 12
551 65
654 10
340 36
12 55
455 48
94 33
569 32
203 20
559 16
294 6
451 10
508 50
164 36
105 55
213 40
508 25
183 14
655 63
348 65
538 43
621 64
370 26
612 3
255 65
525 34
634 29
568 49
175 31
462 47
620 25
10 4
192 42
13 59
658 59
452 50
296 31
207 23
518 23
394 6
607 66
391 21
152 12
624 9
581 57
563 12
526 22
138 20
78 17
229 25
499 15
77 33
644 9
182 31
579 40
82 20
483 64
361 53
144 28
479 65
443 1
292 56
462 8
11 17
177 71
545 39
410 5
520 4
559 6
129 66
305 42
43 55
233 45
539 57
220 32
253 45
444 69
256 45
638 52
159 25
580 38
50 38
148 24
344 26
89 40
606 32
116 55
240 62
308 69
221 59
651 24
616 3
214 63
471 42
239 43
663 19
418 29
128 6
279 9
541 25
141 57
389 61
529 14
128 27
351 14
371 71
105 48
399 32
654 39
440 65
264 25
155 33
166 19
141 11
534 19
597 65
281 54
151 51
3 44
540 65
471 41
197 38
61 19
345 65
351 14
373 54
431 36
37 32
551 61
585 66
635 28
628 65
111 30
340 67
516 59
264 54
43 8
297 61
106 62
179 17
204 23
357 2
417 68
50 21
173 24
398 1
185 59
499 63
23 39
185 33
530 14
65 43
670 28
607 46
470 15
615 9
645 29
182 53
4 14
620 11
332 47
101 16
129 51
96 58
96 27
192 25
194 34
472 10
536 71
339 48
612 2
433 69
535 41
3 23
415 24
281 17
300 37
650 35
530 15
253 54
193 1
302 54
270 53
607 3
589 57
187 13
658 0
54 6
677 4
679 43
179 52
612 48
448 17
22 41
612 19
520 38
435 23
6 10
131 22
257 62
296 25
151 0
189 66
540 16
321 69
92 68
680 64
374 56
628 25
147 68
81 63
660 17
214 33
418 55
297 63
368 62
43 52
527 45
151 31
67 5
342 35
510 12
544 71
370 5
158 66
488 47
559 0
20 25
305 52
18 29
424 36
627 61
567 13
196 13
67 45
337 33
4 62
358 71
124 58
301 31
228 55
403 40
683 0
549 53
13 36
109 60
676 0
601 59
26 64
387 48
664 55
585 13
42 44
269 50
384 67
334 55
596 52
659 50
39 10
504 11
22 50
391 17
188 22
544 57
221 58
333 24
354 26
267 44
49 35
394 73
558 49
476 52
539 48
598 56
263 27
125 51
108 71
601 13
54 37
25 68
629 3
23 53
426 45
629 37
281 29
684 66
334 13
255 47
470 8
533 34
77 37
22 69
96 41
85 11
675 61
260 36
106 18
678 73
387 22
19 65
9 73
401 35
189 38
254 12
124 35
675 61
168 23
524 30
49 49
582 0
53 26
609 59
494 28
85 37
181 5
259 64
342 17
14 57
547 47
231 25
566 67
121 30
246 67
417 23
443 8
676 52
299 63
523 64
19 3
266 39
518 11
310 34
315 45
370 63
85 64
274 24
64 29
356 34
567 17
153 25
121 33
188 44
672 8
227 0
277 7
105 25
152 8
140 5
453 5
475 6
195 46
568 36
261 5
88 70
126 42
190 29
492 30
434 38
517 50
596 57
356 47
407 57
454 24
625 30
117 37
31 52
277 25
450 39
460 58
274 58
473 5
687 57
172 27
432 59
382 46
662 9
39 34
566 9
333 44
622 70
201 36
414 14
266 11
430 33
563 54
308 56
2 7
537 18
695 12
473 11
691 59
398 58
665 24
373 53
485 63
50 54
361 8
550 26
688 33
677 40
543 56
256 54
326 54
323 49
267 41
442 36
347 46
570 12
172 6
351 24
195 68
257 8
465 33
96 71
680 37
262 54
699 56
20 42
329 17
518 10
88 37
322 54
333 59
529 5
414 72
171 20
161 10
595 41
364 9
544 64
669 5
246 46
465 31
658 50
328 55
586 17
209 16
193 31
631 2
689 2
477 38
3 38
339 8
98 25
334 61
670 11
406 45
116 20
160 68
159 67
111 45
220 39
518 5
78 18
521 34
126 61
462 63
436 48
190 3
601 37
382 68
131 21
245 17
552 42
408 7
36 51
363 69
572 11
304 24
387 35
411 59
81 69
189 47
651 65
530 50
240 68
589 7
171 39
480 27
425 53
439 4
72 64
33 61
206 56
141 59
114 14
129 63
183 34
162 52
220 7
61 18
527 37
465 4
465 32
9 48
465 49
202 28
109 60
571 45
288 52
545 36
347 66
152 23
648 15
330 47
16 46
571 8
533 74
229 47
249 46
645 55
348 53
295 10
599 21
90 52
446 15
485 41
270 18
535 41
97 16
480 12
584 57
60 39
489 7
589 26
348 9
427 35
140 57
158 39
230 9
356 4
642 37
536 1
159 50
246 60
510 28
394 23
476 63
372 21
541 40
629 35
374 29
698 69
373 39
32 45
366 36
526 33
507 31
104 64
149 14
331 30
467 41
245 66
414 15
393 48
541 39
676 47
25 75
217 22
26 22
397 47
98 24
165 48
685 20
139 57
186 22
107 13
419 51
28 67
555 21
331 56
502 68
224 34
137 57
158 16
707 34
507 13
98 43
466 68
249 6
578 15
245 63
356 10
153 65
229 23
617 13
673 34
577 1
401 72
529 42
376 26
443 11
107 18
107 20
265 10
47 32
425 70
473 26
46 46
67 13
198 70
415 43
48 18
356 20
325 1
509 23
343 45
431 31
385 63
556 15
142 67
528 25
16 51
176 19
390 39
324 19
199 36
175 14
391 59
651 67
500 51
117 44
707 5
141 54
290 46
344 48
15 6
374 30
406 7
442 28
282 12
283 40
95 1
362 34
205 70
539 22
83 22
392 49
56 9
403 19
168 19
581 0
648 57
511 36
541 3
137 34
551 21
648 40
182 4
519 30
63 30
190 23
18 75
187 67
73 52
383 7
665 25
309 39
296 51
667 36
205 32
198 42
142 70
1 0
251 21
184 56
141 39
52 34
398 47
699 69
326 77
504 5
151 71
547 41
4 61
720 46
565 59
171 54
485 20
399 25
347 7
109 26
39 35
615 71
167 69
93 24
16 3
593 20
412 44
389 62
312 45
114 35
155 67
626 14
236 8
278 54
453 25
79 72
186 32
701 59
36 77
221 5
642 9
668 9
708 40
300 51
207 40
597 42
701 66
307 25
512 33
273 28
213 51
376 30
616 9
415 65
43 24
143 39
582 71
61 65
304 43
407 7
226 64
29 8
460 38
484 14
320 50
254 64
205 13
178 1
651 3
605 16
141 10
124 65
203 20
249 47
633 60
351 55
429 75
146 71
691 42
574 22
525 8
606 9
515 58
603 61
101 38
723 14
680 49
478 72
591 48
454 30
370 17
249 9
616 37
613 40
607 16
206 17
111 72
325 0
0 22
66 56
452 28
217 49
247 34
421 34
122 68
518 7
13 39
433 32
343 12
394 8
216 48
151 20
518 64
573 61
3 20
319 45
177 74
527 2
494 54
485 23
163 58
148 67
549 34
380 17
227 58
430 48
138 62
40 70
680 48
720 2
659 25
198 21
662 56
105 32
125 49
318 34
619 60
311 72
216 17
325 15
271 0
653 57
284 15
416 52
199 45
461 74
267 44
612 54
42 25
313 61
145 18
167 53
438 10
21 43
107 45
503 23
37 9
318 46
291 67
325 15
28 75
149 66
170 15
195 56
639 41
509 78
560 5
103 73
318 16
607 18
678 66
450 46
425 48
256 1
301 66
528 51
286 47
290 33
503 66
691 28
399 29
205 34
493 67
660 30
160 5
239 66
636 18
581 48
627 1
346 35
117 29
60 48
224 34
430 32
636 34
514 21
237 67
125 54
604 32
69 30
316 76
545 24
294 42
21 76
191 61
674 76
714 79
53 10
116 46
424 40
573 40
735 25
614 49
607 48
155 15
379 6
695 35
568 24
740 62
174 72
285 25
490 78
1 45
580 41
185 2
160 7
682 78
266 29
362 69
716 57
82 3
25 6
87 14
745 32
408 66
645 29
486 74
48 51
329 37
194 3
259 8
166 54
269 5
738 24
103 53
381 0
307 15
52 48
669 9
560 27
590 41
114 64
136 45
548 27
98 0
223 57
601 76
56 35
382 40
9 61
119 35
694 24
55 2
316 57
209 74
369 32
267 55
549 25
589 16
197 53
240 5
346 78
416 70
738 45
279 52
555 9
187 60
532 24
176 59
598 65
703 56
28 22
502 0
192 50
43 23
455 80
525 76
498 33
319 37
538 41
80 50
751 31
417 10
562 7
403 40
512 67
229 33
387 51
645 71
413 37
34 25
278 0
752 22
312 39
377 12
560 26
51 20
501 43
278 39
20 39
490 52
487 15
285 38
373 30
111 15
443 64
492 70
703 35
235 68
726 63
305 17
51 10
126 71
683 24
245 66
485 20
675 72
147 11
671 66
677 54
344 61
113 19
47 63
236 1
417 12
721 22
291 14
757 67
279 42
415 27
265 6
532 49
592 23
54 8
530 62
595 59
727 19
145 71
347 43
721 80
313 9
451 8
607 70
62 40
534 33
442 47
328 40
673 18
89 75
679 51
629 69
360 34
23 31
507 4
521 19
120 48
118 42
373 52
447 8
279 74
212 64
590 1
239 67
381 7
268 46
80 63
635 19
386 19
67 6
592 40
720 30
387 61
399 73
289 24
108 66
27 69
424 39
204 41
59 5
215 52
438 6
373 45
588 70
481 25
45 0
67 13
534 10
381 56
491 58
488 70
184 72
200 10
548 29
636 29
350 7
160 70
632 22
254 46
610 52
408 55
745 10
313 64
29 56
294 75
489 62
720 56
150 76
241 76
486 71
565 47
731 73
764 53
416 13
529 66
391 31
449 71
671 6
303 53
526 43
20 64
218 79
676 35
333 28
9 26
265 7
669 16
550 7
619 36
272 44
400 3
76 61
667 58
233 14
221 14
321 37
604 79
519 59
645 37
665 4
607 39
488 19
636 8
733 37
138 70
66 79
511 1
254 45
359 74
620 23
662 71
64 72
579 36
424 44
112 60
274 65
121 58
69 54
328 16
358 43
739 78
79 7
697 20
501 45
60 65
519 10
8 80
3 65
134 14
673 31
736 32
262 74
19 46
589 41
500 81
693 20
110 30
112 72
231 52
73 77
599 40
77 67
112 16
392 55
32 42
720 35
739 61
451 44
522 74
676 45
159 31
207 36
460 9
705 39
497 59
62 69
232 8
170 7
720 66
492 66
38 46
99 17
202 37
107 41
691 66
61 39
678 7
313 64
518 57
61 1
220 59
307 51
628 50
743 30
243 46
85 30
706 56
345 79
18 6
663 80
767 66
242 36
640 31
102 51
577 72
191 58
0 9
600 20
295 67
729 6
625 0
664 47
243 38
605 65
753 73
232 66
240 82
537 59
309 60
729 61
74 31
171 14
399 46
523 60
578 43
165 43
454 10
733 70
665 55
531 10
780 25
446 9
465 13
257 23
656 57
710 11
324 5
594 6
475 24
108 76
277 26
402 68
648 52
135 30
373 48
603 25
376 12
498 14
515 65
298 28
378 14
208 12
515 4
567 41
327 31
246 67
185 45
779 1
768 19
251 11
77 78
243 8
297 23
186 15
291 15
14 26
345 5
287 22
650 56
490 15
716 1
670 32
385 19
400 4
361 1
536 76
331 71
648 13
209 17
92 40
133 47
589 65
76 80
398 42
480 72
738 73
106 70
169 42
298 48
692 43
745 69
601 61
273 15
74 44
205 30
733 51
532 5
658 41
201 39
364 61
785 77
393 47
526 40
458 25
140 10
193 49
419 27
741 54
747 81
701 67
123 74
679 47
574 42
388 69
221 6
149 33
728 40
234 18
106 3
369 67
285 68
382 0
255 35
630 2
434 42
576 10
68 11
378 38
745 79
784 68
439 69
480 2
613 24
610 28
21 40
214 78
117 48
592 4
41 2
36 3
709 65
437 50
373 83
579 65
231 11
66 30
372 41
223 4
159 67
484 14
382 79
331 60
743 76
674 69
782 58
757 53
706 3
538 59
558 63
252 9
359 13
40 8
687 65
447 38
406 62
534 70
89 39
621 33
669 64
515 73
388 33
201 36
6 16
584 31
787 82
795 37
18 43
277 53
311 24
779 82
480 43
150 52
371 84
123 28
668 3
316 23
779 38
669 4
788 4
486 13
688 8
704 12
499 56
265 50
578 2
566 69
310 25
221 8
450 28
178 37
157 53
439 80
557 65
736 43
140 16
85 18
722 11
457 33
431 11
395 27
700 66
642 40
9 1
332 76
251 82
53 30
401 7
568 83
422 13
395 40
255 76
707 63
136 27
232 79
590 42
714 10
645 39
459 44
306 64
762 80
733 24
96 9
128 47
658 20
190 45
139 53
342 35
471 68
789 32
297 8
721 27
335 75
231 23
242 13
210 46
168 75
84 48
184 62
555 60
752 34
24 51
104 66
202 38
322 41
343 64
462 29
576 62
569 24
29 53
138 9
139 58
151 27
742 39
159 57
171 38
69 72
158 9
181 84
100 7
406 76
511 39
195 44
236 44
329 78
634 50
49 65
66 50
532 52
73 32
764 65
315 73
442 38
583 61
581 53
594 34
186 66
792 28
404 37
89 28
376 37
698 43
309 70
712 60
392 51
395 19
189 49
711 24
776 38
796 55
479 85
757 6
564 43
564 5
11 52
567 36
713 72
672 21
418 6
376 79
334 22
636 37
713 17
375 34
364 52
795 26
179 1
683 69
643 15
176 48
619 39
261 22
348 40
13 13
698 4
344 61
616 53
719 12
360 49
358 19
560 29
79 64
77 56
331 59
641 2
409 39
703 13
53 67
794 27
109 20
344 83
169 4
125 35
325 27
86 10
302 65
788 1
641 72
780 85
20 29
659 75
586 33
132 52
395 71
680 20
322 42
488 18
782 52
271 84
444 5
449 79
402 78
110 58
275 63
42 45
35 20
231 65
816 54
69 21
518 73
461 53
73 30
606 61
278 14
429 12
50 85
778 29
717 59
651 29
336 28
778 1
290 1
236 1
394 2
277 9
128 45
533 66
66 42
770 28
759 2
247 63
430 69
605 37
176 22
688 5
476 76
775 85
767 56
470 25
578 34
363 54
96 64
342 77
781 78
508 25
63 86
520 72
651 9
139 83
365 46
347 44
373 32
393 10
487 8
279 25
24 39
113 11
410 82
233 45
656 45
122 35
276 13
682 46
448 11
554 34
585 24
720 18
675 48
623 12
788 40
664 76
259 38
228 15
732 48
78 74
780 32
814 7
799 4
600 73
254 9
399 13
106 55
368 61
382 61
661 13
216 25
645 22
156 54
557 53
187 43
191 7
42 8
702 76
78 83
170 60
328 34
60 19
317 20
727 72
10 31
467 63
660 55
562 69
658 53
489 29
799 69
810 39
480 1
387 7
184 38
619 41
217 79
603 2
292 76
825 15
243 62
182 52
6 38
710 16
805 62
454 29
738 64
461 58
478 48
565 49
314 15
217 21
685 22
334 50
332 4
751 39
379 49
648 27
426 21
404 41
271 5
109 46
480 83
261 17
241 2
39 13
803 44
467 70
87 85
689 23
23 20
203 49
464 56
582 75
505 82
502 87
103 28
687 32
346 85
151 49
57 27
491 34
658 68
300 25
687 31
606 39
35 73
320 57
543 48
719 61
104 26
193 27
269 27
330 66
806 54
349 86
292 6
410 80
79 28
572 79
452 61
28 10
724 21
280 38
620 34
634 28
752 76
667 36
484 11
597 19
376 20
325 45
793 27
765 80
204 0
192 8
752 58
398 77
213 28
574 84
392 8
343 36
738 41
517 4
147 27
216 75
323 60
376 39
186 20
135 14
441 54
243 86
445 30
298 20
542 24
56 58
481 21
566 43
358 62
708 7
728 2
507 41
347 68
271 62
768 77
801 36
306 17
485 43
767 65
798 59
709 65
120 7
543 46
475 32
630 4
683 39
596 26
233 27
560 21
248 70
636 28
117 14
69 75
367 24
463 28
239 76
508 80
756 18
455 38
98 55
257 54
153 12
733 65
84 73
696 38
174 41
558 82
176 8
741 58
245 25
676 42
623 48
683 28
841 58
322 20
325 82
617 15
815 21
292 52
21 12
399 48
433 12
68 56
620 57
562 83
106 30
203 42
119 57
730 80
259 19
632 72
437 16
820 83
595 0
203 24
461 0
314 82
228 69
348 69
331 61
281 85
262 50
592 53
48 83
65 59
293 88
650 69
563 67
465 86
715 78
290 12
167 30
10 71
77 12
394 10
239 16
435 70
121 17
96 57
357 80
296 49
76 75
322 86
166 61
584 84
549 63
193 76
437 10
757 69
788 5
380 14
195 60
686 41
372 10
615 9
529 54
638 67
199 82
247 77
138 19
421 54
298 15
539 22
340 46
517 2
8 15
841 40
499 77
625 84
844 29
742 73
846 57
319 62
493 64
794 52
820 83
686 1
463 7
691 31
443 53
276 65
331 53
390 27
368 21
266 23
393 33
13 4
415 39
818 11
283 28
452 53
273 2
702 14
288 50
198 18
31 7
96 48
24 84
720 10
537 21
160 63
68 79
34 35
212 41
101 71
511 47
649 31
601 87
851 72
550 5
775 66
408 31
760 45
198 60
121 73
544 12
156 68
483 3
273 43
613 1
594 48
314 84
543 12
666 38
688 78
475 13
114 7
141 49
57 51
662 5
800 90
552 72
384 14
191 72
344 12
675 19
338 76
216 86
281 47
230 80
471 32
13 11
498 87
479 36
361 76
250 40
153 82
718 89
682 88
299 40
516 70
658 53
172 46
655 20
547 83
611 75
249 75
182 66
454 74
465 20
36 39
560 11
688 84
288 73
282 77
745 82
656 28
764 75
221 74
479 87
653 7
355 58
601 68
400 58
642 26
429 2
98 30
56 27
628 2
29 50
679 69
399 55
165 40
843 17
411 9
792 70
583 42
484 84
430 26
713 61
560 19
666 10
789 2
434 69
665 62
365 61
697 3
386 26
71 60
494 3
313 22
108 25
602 30
788 36
530 46
385 72
506 86
185 11
689 63
130 27
267 7
624 0
443 66
619 10
345 52
36 74
668 32
151 84
715 21
599 28
763 20
561 28
486 22
107 7
249 17
449 39
167 6
176 61
369 59
266 58
372 22
337 10
229 85
563 90
191 90
386 86
717 64
293 40
521 46
353 8
154 51
499 54
575 77
776 12
8 21
638 85
479 38
86 32
583 62
228 9
81 83
592 87
63 90
26 71
561 61
709 10
141 57
6 56
250 3
767 57
273 42
437 30
70 50
566 2
801 42
361 54
806 9
780 47
501 52
718 8
395 16
666 83
172 66
787 80
266 82
814 68
615 75
828 69
92 55
232 41
551 58
859 70
577 9
14 3
342 71
596 26
818 0
486 63
105 86
447 16
210 89
248 74
333 73
247 60
490 12
734 29
279 14
165 53
307 85
445 51
627 48
611 66
15 29
75 50
376 40
463 69
420 70
487 7
454 18
19 66
691 42
817 7
672 41
833 65
290 27
845 78
29 58
221 36
802 76
717 78
296 13
428 38
598 48
578 41
761 36
65 17
760 13
125 76
462 44
333 39
728 45
754 27
351 80
427 19
697 80
309 33
689 3
516 63
397 28
159 45
640 89
680 36
647 40
149 38
36 58
45 81
706 20
652 83
232 28
607 8
580 35
637 49
597 79
210 65
650 38
148 0
451 60
82 22
90 82
592 45
437 68
467 90
586 71
34 36
839 65
571 37
358 80
419 70
264 73
704 80
405 79
599 55
291 74
333 62
870 6
442 92
576 3
366 82
489 21
419 51
690 85
500 42
623 7
704 42
541 65
444 37
141 80
118 72
776 27
142 25
439 28
363 59
441 45
581 15
419 40
617 81
774 59
532 5
863 23
619 23
16 18
451 24
554 12
254 0
310 20
239 21
451 32
370 91
227 54
412 0
210 49
21 60
701 21
383 69
866 50
552 67
302 23
177 79
527 84
225 30
122 18
742 19
261 27
57 77
63 15
463 50
302 1
174 29
20 51
707 77
221 8
649 83
54 61
456 92
498 23
265 79
292 78
591 22
4 45
536 73
659 18
689 80
591 17
870 66
9 4
416 44
294 10
242 21
148 59
186 89
559 91
285 84
376 79
81 13
278 42
221 75
160 56
737 40
346 81
12 65
269 61
183 78
579 14
248 28
563 61
50 10
798 23
859 24
405 66
454 63
321 91
330 35
193 78
594 60
632 21
339 74
176 70
392 9
776 14
528 50
615 22
551 9
641 87
382 3
251 45
229 34
444 88
148 72
277 57
484 83
325 47
25 42
862 13
328 75
311 18
367 37
621 86
175 63
717 48
120 23
272 77
656 0
543 56
35 89
625 13
701 17
91 81
142 10
465 91
363 76
640 39
233 71
680 73
101 24
35 36
595 78
291 74
237 72
88 35
155 90
850 55
550 25
209 1
385 34
627 19
820 9
602 91
365 73
354 86
494 86
542 44
582 23
727 64
60 85
689 29
429 61
289 34
16 82
717 45
194 54
280 84
138 51
372 70
59 7
529 33
586 38
746 42
781 18
534 23
164 40
819 56
361 79
485 49
16 16
76 6
453 70
754 23
666 5
802 39
653 54
368 80
578 30
101 15
367 15
237 7
393 88
470 91
683 33
209 7
565 59
703 91
625 93
453 50
894 80
72 55
844 57
460 12
312 25
615 47
557 53
740 6
96 79
635 47
505 76
717 71
266 26
707 74
704 68
474 55
764 2
464 10
296 76
507 69
644 34
730 79
205 43
666 10
477 36
764 63
560 58
845 12
390 92
259 14
237 33
390 19
328 72
396 38
808 67
473 79
463 65
631 48
340 33
102 17
463 15
642 55
590 3
215 53
207 40
641 66
677 78
642 5
811 75
35 73
377 92
100 62
171 50
833 73
603 64
262 17
270 34
198 60
114 73
28 27
504 11
377 17
164 52
446 1
361 43
77 21
536 89
40 94
709 27
112 26
203 67
519 89
187 38
668 91
576 58
669 64
248 26
356 2
572 4
502 95
281 92
29 29
742 39
715 3
231 90
510 73
719 4
882 75
30 64
718 2
204 46
780 49
256 28
413 71
590 76
626 34
496 75
228 44
127 92
210 23
487 27
294 77
66 95
447 14
362 65
412 20
479 49
904 15
56 48
132 91
645 10
295 14
410 29
775 32
652 69
92 5
365 50
351 33
388 80
190 65
120 34
68 38
357 58
478 49
640 69
257 67
671 65
826 68
58 62
708 3
522 80
828 23
122 70
150 42
272 82
734 91
340 95
720 14
173 19
406 1
763 60
643 63
37 22
130 75
179 58
641 44
287 48
447 89
323 75
776 71
735 30
841 71
500 64
798 45
847 64
821 4
455 88
587 25
10 49
114 16
321 52
569 48
453 13
17 38
448 92
672 33
342 80
786 65
50 86
220 17
138 58
93 68
515 8
367 10
522 33
605 82
559 26
519 1
129 6
212 77
79 75
466 75
508 10
513 65
636 44
223 87
145 30
889 31
785 69
115 69
145 24
310 88
674 86
451 24
706 12
351 2
736 77
814 8
409 80
638 56
759 76
77 48
857 78
565 57
113 83
333 41
551 35
312 40
164 5
372 54
142 1
524 96
566 17
504 69
191 40
638 84
136 28
500 22
495 30
540 85
713 23
430 54
622 70
73 92
658 64
259 77
366 46
464 51
380 40
802 15
519 16
81 89
390 20
800 69
538 21
441 19
282 75
745 14
733 7
832 2
640 80
854 6
501 47
85 54
478 39
689 82
580 21
643 53
192 67
446 1
583 89
448 8
574 25
232 69
389 36
431 63
481 72
508 29
405 20
84 66
324 8
423 90
612 12
731 24
674 21
647 97
310 7
586 52
431 20
642 74
372 1
102 77
726 30
424 22
562 1
124 85
912 23
788 6
872 2
342 91
30 52
257 14
645 17
584 96
785 35
570 20
709 93
840 81
660 15
879 21
911 91
860 91
247 38
62 89
752 50
442 41
266 42
181 36
452 88
920 15
817 74
67 1
176 24
671 1
466 45
358 55
183 61
159 53
689 85
449 83
157 51
745 22
355 21
674 96
40 12
925 42
31 38
827 54
195 72
550 14
451 11
679 75
842 85
492 34
219 96
902 49
461 84
756 74
774 53
773 25
316 26
453 49
543 11
867 95
588 94
275 95
897 15
498 33
228 55
445 59
31 50
635 39
504 46
592 71
523 26
329 8
228 13
365 41
806 8
643 26
667 79
429 66
661 74
512 79
160 50
718 22
257 10
332 12
374 34
776 24
292 14
747 19
273 49
224 66
805 52
210 55
886 23
829 81
98 46
245 31
454 53
803 72
910 88
192 44
884 65
177 52
52 19
506 71
534 11
146 73
122 97
581 20
882 75
703 83
227 74
8 40
14 97
786 56
736 36
564 4
45 82
478 31
349 3
39 16
689 10
885 52
517 26
371 58
537 31
287 65
832 87
864 47
471 88
430 31
890 30
428 38
635 95
114 37
811 29
17 94
440 71
613 74
905 33
364 96
101 34
760 23
778 70
879 6
0 51
898 71
160 25
554 41
458 76
285 23
66 68
427 35
422 69
323 91
764 42
859 41
472 43
360 42
238 49
510 25
702 84
666 86
469 30
574 60
345 89
419 42
329 67
798 41
906 66
498 22
568 94
816 88
430 87
379 98
151 39
111 38
828 67
880 88
405 55
401 0
415 68
859 82
434 63
598 16
100 35
815 55
360 48
377 23
443 69
394 60
297 24
544 27
324 29
885 53
811 59
565 64
77 29
306 16
834 67
298 1
115 69
85 28
203 92
294 95
743 59
500 98
507 33
281 46
940 45
284 18
910 46
723 86
179 7
879 31
589 22
452 61
495 70
649 11
361 57
848 58
17 4
317 10
592 78
557 83
709 60
622 83
70 54
287 36
939 92
700 94
551 83
407 27
216 7
28 86
578 77
586 78
219 68
934 98
146 92
690 73
646 35
674 1
213 89
367 94
206 62
837 89
227 62
638 8
764 2
609 58
157 16
211 59
542 74
604 0
678 39
386 3
646 55
348 51
160 55
616 15
943 71
622 49
851 59
928 46
481 33
745 88
615 9
335 82
921 3
571 21
589 87
529 97
198 54
491 54
644 92
64 47
877 49
783 98
811 29
614 9
71 2
669 37
394 32
428 61
670 65
136 60
459 33
96 17
895 25
125 83
799 73
216 44
723 100
360 61
649 91
74 54
232 19
775 89
814 47
342 91
252 100
906 6
417 82
212 61
846 51
594 100
527 78
169 55
764 52
102 28
93 2
823 17
674 21
632 75
116 53
469 45
827 98
656 10
842 13
21 85
585 84
319 54
823 30
268 98
545 64
19 51
459 31
820 81
7 22
304 52
854 32
732 75
334 23
433 26
107 69
454 64
570 50
358 18
449 85
129 43
40 30
891 64
158 25
221 49
787 89
607 15
272 94
105 95
501 77
316 97
296 41
219 90
231 34
171 31
42 86
410 70
472 71
192 65
783 77
781 47
743 50
551 1
410 87
434 91
564 46
553 48
469 54
160 18
474 89
916 34
490 19
228 71
269 80
448 75
864 3
217 56
655 15
781 0
200 83
834 100
638 88
373 75
238 35
280 1
754 31
631 99
641 88
384 9
921 98
956 62
161 39
184 1
872 89
828 37
592 70
774 20
948 97
434 98
723 21
203 13
226 48
129 59
512 82
625 67
785 36
487 101
297 49
421 58
821 45
224 100
561 38
960 9
796 32
11 89
90 76
100 54
965 64
777 90
884 73
868 84
270 59
547 82
863 26
608 89
2 22
832 77
407 69
511 61
551 35
731 46
703 68
671 95
116 93
887 30
445 50
939 30
589 57
830 86
814 5
468 46
439 75
422 99
548 13
345 45
448 1
575 47
266 56
687 84
359 1
118 77
358 11
958 92
310 32
254 91
71 53
717 85
286 98
714 22
963 99
406 80
504 84
299 55
911 19
895 67
455 92
744 53
350 78
773 15
961 5
225 77
881 20
748 3
879 77
506 81
273 54
563 83
129 12
758 65
155 29
625 17
912 27
48 28
487 45
170 84
917 44
616 5
130 21
455 73
348 93
209 52
802 96
873 30
317 78
21 51
82 92
859 23
780 4
800 64
908 38
883 21
26 76
329 47
494 12
532 65
530 96
537 22
266 35
922 4
215 12
465 101
282 51
508 1
761 2
674 7
286 37
472 18
756 79
713 70
961 8
178 77
206 98
170 5
864 38
678 19
253 49
678 44
324 96
358 38
837 14
873 89
629 36
931 51
21 33
551 67
793 86
978 44
142 74
347 0
439 12
13 74
910 64
926 55
169 15
5 37
299 24
205 30
60 15
257 10
137 5
258 66
384 68
165 79
353 72
580 50
219 34
163 46
5 55
351 61
81 12
598 29
354 71
489 40
468 35
66 88
291 19
747 96
565 44
481 57
866 102
166 80
433 91
679 78
322 86
107 49
575 93
104 72
605 15
721 73
778 3
876 79
861 44
684 29
106 65
625 72
547 47
254 48
404 39
959 38
608 32
769 75
651 75
879 70
49 78
558 92
806 17
174 27
850 40
57 45
828 47
274 26
27 24
595 31
653 9
662 69
5 21
934 16
476 56
254 93
415 76
606 30
118 62
831 96
913 42
424 90
981 82
310 47
155 95
83 9
83 96
331 21
545 81
894 73
109 48
910 100
508 9
175 100
288 87
548 2
87 52
205 7
528 100
144 17
947 17
411 38
459 79
173 56
186 99
919 64
376 82
807 16
733 58
351 61
322 48
662 94
66 25
37 98
278 90
135 26
395 55
698 36
294 21
68 39
725 86
324 82
570 40
59 65
887 61
984 49
909 72
561 91
95 54
7 33
334 34
187 61
74 13
795 59
847 99
446 76
398 77
799 65
718 8
462 18
247 77
640 35
255 14
596 41
975 78
435 21
456 41
971 96
941 73
195 29
21 33
620 7
337 91
309 29
84 22
30 98
311 88
121 30
859 60
544 8
521 95
933 82
518 58
77 37
440 66
551 42
967 34
973 55
493 18
139 91
185 47
720 11
666 19
52 52
840 94
607 76
638 89
130 59
568 7
607 48
962 94
153 100
509 56
455 21
2 55
810 48
634 92
935 79
62 55
234 85
183 91
66 56
511 79
676 94
92 84
608 60
109 11
266 58
10 88
644 34
139 74
444 45
858 10
556 71
735 50
557 100
502 81
261 16
578 32
31 65
827 38
560 41
122 13
965 48
352 18
500 18
171 46
344 76
338 26
233 87
76 42
493 24
82 1
928 81
641 46
308 1
224 58
584 79
516 14
6 4
625 56
128 100
841 4
720 63
118 58
551 54
344 87
369 16
420 74
861 3
585 43
901 37
220 57
450 91
127 32
1000 100
