10000
95
31
49
47
23
28
40
53
43
82
8
62
47
76
50
73
62
53
19
81
71
2
11
42
20
25
4
61
51
63
41
75
59
53
34
36
49
51
24
80
53
23
49
67
5
98
34
39
51
29
14
3
41
54
9
24
25
43
55
31
2
57
44
1
67
62
61
7
15
69
41
10
92
8
63
68
77
19
62
68
39
19
32
52
78
65
85
55
3
63
69
6
21
76
50
51
79
19
26
71
59
35
95
91
65
69
8
74
58
72
2
12
92
7
52
92
66
10
21
31
46
6
85
80
52
77
2
99
52
70
63
2
51
35
48
73
93
55
39
51
63
74
41
11
24
61
85
47
5
97
27
68
87
67
0
70
45
65
98
39
72
69
81
4
15
0
84
41
54
60
57
81
42
24
86
26
63
19
69
90
51
96
25
88
30
32
62
59
44
27
68
5
56
68
28
98
65
42
37
94
78
39
78
66
4
51
0
95
91
57
13
97
88
88
90
15
49
73
61
97
13
24
99
49
48
30
34
17
13
78
77
62
66
0
36
11
87
56
22
96
87
35
80
95
11
17
39
42
82
3
98
41
56
20
9
36
61
9
86
82
63
62
37
88
2
93
36
13
29
76
80
17
30
60
11
22
9
5
44
16
79
22
10
12
78
55
8
28
28
42
63
86
45
7
7
9
2
80
46
44
40
22
12
42
10
70
11
80
15
32
62
75
82
81
89
13
64
5
2
9
30
40
23
18
14
19
98
78
23
59
27
72
51
36
22
20
56
88
23
44
47
79
58
45
33
90
3
32
18
52
69
40
63
21
31
30
11
77
34
41
71
85
84
59
84
83
76
24
71
29
52
90
50
15
6
43
90
20
81
31
1
5
72
91
38
11
43
52
98
8
56
62
21
73
33
23
0
74
44
73
31
54
80
46
45
4
36
6
85
77
26
37
36
67
71
34
26
28
52
87
23
17
44
89
36
52
86
17
65
38
59
62
71
49
1
60
38
37
41
30
85
70
24
62
28
82
29
43
75
71
24
51
81
29
43
42
12
27
44
15
52
61
45
57
42
38
82
89
6
62
47
27
4
40
18
43
69
7
4
27
41
11
93
84
24
65
56
52
9
98
30
5
2
55
53
54
16
72
32
95
31
70
1
88
14
82
20
3
59
63
80
73
36
38
59
89
3
70
18
92
45
52
46
52
73
73
62
42
28
82
18
54
21
10
18
56
46
0
51
57
98
27
47
79
22
14
96
47
31
78
39
70
32
52
86
81
47
51
9
75
56
29
59
10
45
72
69
23
73
54
34
93
43
79
14
74
3
97
46
78
32
5
23
64
93
78
57
16
7
29
55
21
85
1
23
50
65
6
43
49
61
53
48
28
35
67
32
46
83
67
15
9
98
65
38
50
27
29
31
22
86
52
39
47
2
39
17
71
38
48
77
30
77
40
46
38
58
92
60
86
76
63
65
4
47
35
28
10
46
98
77
69
42
13
57
15
7
28
93
29
61
21
49
50
93
43
23
33
34
35
61
9
96
52
51
99
7
2
62
44
61
54
16
96
58
7
68
64
62
5
27
57
80
67
90
57
3
72
36
84
98
39
62
84
71
69
92
62
36
36
46
22
73
91
55
94
32
59
70
52
23
5
66
78
62
25
39
69
6
92
72
34
93
2
67
38
75
44
55
96
98
53
36
77
74
55
81
37
86
17
95
4
25
18
30
94
13
45
8
0
1
40
21
72
94
28
71
95
19
2
78
83
81
99
98
81
45
81
64
95
12
4
23
73
11
44
43
87
27
75
80
54
36
79
79
36
50
56
70
11
94
47
31
83
47
71
77
60
78
40
89
35
46
83
99
23
6
26
5
82
79
56
29
75
69
58
2
79
40
16
43
87
62
50
43
32
48
74
22
56
69
6
72
72
96
50
38
62
64
4
67
25
86
69
40
88
37
75
37
66
75
2
98
4
10
3
22
98
41
63
95
68
27
95
24
12
43
83
95
85
95
16
3
54
13
80
71
89
79
83
54
72
3
62
66
33
82
17
86
84
14
80
21
19
27
96
4
40
57
24
89
58
96
49
91
51
53
19
93
27
66
31
72
77
11
31
85
12
54
86
51
59
5
62
10
44
54
94
57
2
93
39
98
12
94
29
82
19
88
96
83
92
77
74
55
23
25
70
44
33
12
67
45
52
37
19
0
67
44
5
80
2
89
40
34
29
76
31
15
7
23
41
9
77
34
11
71
19
94
42
71
63
37
71
21
12
18
26
18
96
58
14
92
37
13
75
73
69
28
82
49
87
8
83
19
64
75
12
1
78
49
80
15
61
11
66
34
85
72
86
10
81
98
63
74
27
2
22
9
26
21
27
17
28
34
69
15
67
33
36
24
18
5
46
9
57
20
31
29
95
32
81
78
47
62
11
84
91
44
40
9
84
18
83
68
77
64
81
25
8
84
91
75
95
4
17
23
29
25
62
38
22
61
2
13
24
56
79
77
8
83
36
75
42
89
22
79
0
58
83
66
52
41
13
74
46
36
84
44
7
71
52
88
48
17
21
71
18
96
71
65
67
75
17
8
9
87
80
71
94
96
44
18
67
52
59
32
2
28
27
82
29
50
0
84
38
22
18
77
66
79
84
70
65
31
77
80
26
66
90
55
76
78
90
45
17
69
39
96
46
47
87
65
69
50
97
77
75
83
73
46
3
11
68
21
94
62
16
67
92
44
82
86
98
3
85
13
52
1
27
97
92
38
72
82
62
76
13
10
32
73
17
83
65
29
11
32
33
14
14
88
78
3
78
46
71
94
46
97
35
6
33
20
60
79
96
8
67
20
93
832
851
87
537
896
395
583
106
658
372
545
137
515
745
217
207
618
608
394
76
750
130
314
591
460
469
898
213
168
142
811
579
916
530
461
820
259
654
135
579
257
68
633
151
551
682
532
600
968
741
521
56
90
836
813
188
490
618
601
787
958
174
829
707
289
817
663
134
617
571
17
939
246
223
384
227
160
308
425
118
562
694
830
608
730
447
812
928
593
766
312
227
329
708
748
356
358
568
185
521
307
816
663
452
992
928
254
31
852
695
788
59
193
961
970
462
988
642
745
436
396
405
671
278
350
791
924
570
575
744
473
31
149
423
283
335
984
374
792
985
289
644
960
900
249
500
46
762
229
906
140
497
552
332
122
290
1
599
994
152
986
320
935
595
410
340
940
262
301
6
293
228
741
665
546
165
264
665
117
934
813
696
57
395
36
698
891
417
567
135
60
82
123
753
41
397
418
18
33
605
690
60
983
521
457
133
700
953
133
988
627
982
696
734
697
669
970
197
12
560
226
277
719
488
981
536
787
200
930
74
477
643
361
192
490
327
883
43
232
324
984
825
247
988
845
747
897
747
201
49
54
528
961
951
791
735
37
987
283
355
175
857
123
645
485
484
443
699
570
314
382
658
8
569
95
69
215
865
871
28
30
82
886
752
498
364
92
689
334
363
31
423
107
98
323
981
302
539
665
955
979
450
169
402
802
893
167
670
636
790
751
864
25
826
418
208
531
576
627
300
35
195
629
110
949
621
117
270
772
2
522
427
15
82
391
473
212
581
83
104
362
223
366
514
332
282
63
544
56
618
318
482
587
219
573
835
967
843
519
355
329
156
869
901
666
86
785
245
805
459
768
461
651
262
826
843
561
548
593
445
683
608
336
531
200
752
259
827
442
303
548
479
405
747
613
649
439
177
345
773
532
524
31
510
522
684
469
502
86
533
330
988
613
506
941
58
636
226
91
53
33
267
965
525
733
905
447
68
513
408
452
743
815
346
646
288
630
20
102
250
214
598
931
922
71
236
1
490
383
45
6
978
612
627
683
6
746
952
87
23
831
48
518
663
899
249
764
548
381
433
661
884
55
352
440
289
714
93
296
995
178
7
629
929
721
678
83
138
533
166
701
7
361
167
610
675
303
960
805
319
205
672
231
912
448
473
136
149
503
516
401
589
862
436
779
218
316
148
647
554
429
401
61
572
734
227
728
110
514
375
275
445
941
22
517
203
802
839
613
917
143
135
715
676
221
598
933
380
296
534
316
378
93
282
410
141
826
585
864
571
999
281
139
937
72
699
0
646
839
0
445
627
663
254
491
664
15
393
544
701
940
232
638
196
2
69
434
833
782
185
611
315
104
306
876
758
42
704
502
90
168
877
308
996
299
323
406
734
449
979
441
253
889
90
426
87
629
898
15
476
281
457
65
817
439
171
215
649
444
657
977
157
910
642
146
164
59
154
714
575
262
845
327
264
859
246
604
534
258
475
926
891
230
189
29
778
62
949
429
167
854
396
609
98
981
249
622
240
379
773
934
714
81
916
781
651
660
909
115
735
93
723
137
469
883
564
600
358
307
284
853
446
790
389
108
790
412
44
853
25
252
993
869
799
314
464
676
677
195
222
509
550
740
162
126
304
579
55
885
551
862
283
282
501
0
317
395
495
769
497
144
316
726
363
428
238
434
629
444
859
697
172
80
888
961
27
251
760
320
780
83
143
134
372
694
60
35
760
716
237
989
377
112
521
715
942
808
336
650
137
210
595
848
333
505
784
498
292
111
90
926
789
277
408
693
179
682
76
667
19
638
511
234
591
456
947
292
943
40
646
909
219
263
331
535
75
377
776
820
252
553
113
135
231
5
625
632
407
643
706
808
456
256
452
57
123
782
171
573
513
584
403
286
510
22
353
273
45
311
22
117
999
316
181
997
760
612
287
819
867
917
72
808
885
127
980
679
3
785
36
366
250
159
18
810
291
384
51
716
548
816
88
483
314
553
15
733
335
622
539
987
508
5
691
1
505
810
295
286
480
445
520
220
650
770
653
625
574
494
779
92
919
934
64
975
482
733
143
959
238
64
683
484
618
959
893
512
38
82
351
477
266
416
256
16
62
814
400
286
397
725
140
528
930
199
379
596
670
324
871
626
977
806
978
460
976
827
66
121
49
816
418
910
250
827
57
295
690
914
4
679
244
553
747
402
226
162
359
210
126
991
497
724
914
496
559
105
865
418
777
374
581
56
240
63
612
411
345
297
877
885
434
559
66
992
495
327
676
740
757
229
352
30
832
668
622
481
404
224
44
265
113
49
254
996
780
836
383
273
1
802
611
817
368
910
750
262
665
237
80
383
603
319
20
566
547
291
720
287
743
519
137
169
732
179
55
585
965
165
764
844
806
686
534
591
168
324
76
531
63
12
414
637
661
177
28
499
284
96
408
497
344
569
424
665
716
649
118
796
158
456
29
488
501
922
331
887
955
966
813
265
339
50
994
503
574
155
31
979
562
932
717
40
480
28
265
812
171
646
130
785
67
978
428
80
982
697
18
549
52
488
130
291
111
911
950
790
14
888
227
541
208
531
92
906
828
293
824
833
594
241
443
184
872
511
927
625
893
901
31
475
787
302
705
332
633
399
949
586
866
912
572
325
670
829
251
360
782
858
176
911
333
276
993
577
880
363
605
728
932
248
627
839
806
354
375
460
511
446
159
965
896
180
19
381
175
179
532
694
914
946
9
234
64
756
265
696
761
866
837
800
558
480
493
945
735
824
137
479
622
835
645
874
498
418
912
113
672
384
390
574
814
494
255
100
677
906
84
146
527
0
321
744
42
266
525
996
605
530
517
36
4552
5978
9848
6768
761
3284
4044
6958
1239
475
8146
6868
1386
4571
5834
3096
7434
1991
7057
4174
9771
655
4236
935
5928
6239
5823
2662
5355
1268
2939
1797
5843
2689
5682
2531
8571
540
6219
4335
7574
645
7570
6448
8767
4660
4333
8723
7683
2274
249
8335
9654
6664
7573
2671
8039
3800
9498
3226
849
4487
5518
2274
1496
2226
9234
1540
859
3962
1633
2484
9872
4956
5495
6964
1740
8594
3519
1654
5139
7334
9944
633
1529
8558
5156
9634
2603
4440
77
6987
7422
9158
5529
4420
8488
6791
2923
1378
1319
8985
9713
3564
544
490
2918
1400
3264
2463
4674
1526
6979
1814
9686
4851
8122
5329
6737
5692
9405
17
9494
7752
492
2811
2221
4346
4726
5759
384
7235
2309
9159
1780
354
4552
5427
6324
4492
0
2276
8754
4939
7589
7355
559
8533
9131
6260
7356
4091
2450
1189
5345
6134
9879
4970
19
1103
4965
3356
5263
857
5487
4006
9671
2711
6809
7236
5651
7602
5516
6869
5495
7067
859
5390
4031
4945
4454
9924
6893
396
14
787
6204
1211
2938
9249
7681
1728
7989
1205
4220
4649
6384
6103
9619
9769
9051
1475
1097
2336
7070
6699
1348
6015
3947
5231
9989
1856
9443
8044
1708
4208
17
7501
6234
4143
9523
1205
8984
1544
884
8156
7197
9268
781
8855
5128
7748
6255
3746
8093
2041
1782
3170
9169
7149
8875
2145
1697
5978
6140
1109
6366
5526
9429
7652
3249
7046
3122
3870
5888
6402
1534
9825
6969
3193
2799
6336
1657
4510
389
301
9293
2233
3613
8215
4236
306
7084
5001
1924
4799
9395
5173
3951
3894
7704
5143
4494
6151
662
4750
3743
6460
7301
6208
3551
7983
7413
9438
2732
2014
3517
6993
7808
2205
2142
7505
1703
3872
2865
6978
1322
4484
5361
1608
4106
6301
5666
6287
2430
6811
3356
9324
8167
9210
9696
6990
6023
6096
282
5165
869
4188
9094
6179
6066
3521
2305
736
7013
3144
4614
3649
9639
2130
3640
2146
3503
9695
9571
3444
2648
5664
1064
2622
5392
5991
7318
2542
6975
6817
3924
8403
4548
7771
4544
7851
3525
1496
2568
2643
6274
9872
2214
9941
2194
1386
8490
3873
6586
9260
5171
8495
9973
8830
8384
7654
5330
440
878
8669
1599
6156
4344
343
7602
4032
6259
8100
8677
6376
7773
4479
3414
3102
8872
3188
9226
7925
4257
2213
2647
2982
3530
8845
8703
8838
2628
5361
7073
2136
7518
903
1615
2077
6134
2074
5701
7626
4473
1387
2888
7309
9977
8459
3320
3552
5643
3819
1130
9071
7195
2124
8523
9210
7759
1236
199
7836
4958
6974
4782
7056
6812
7332
7447
9673
1441
581
4275
3235
9973
1837
2989
2764
3529
4170
9380
7979
5766
6846
8524
7741
5584
1742
4233
4851
3221
9231
447
3896
8488
718
7993
6557
675
1824
3097
9147
374
1698
6965
6341
139
2648
2815
7250
6676
9078
7774
5794
5758
1006
6449
1184
8309
5913
7642
7852
6477
7651
3203
4049
4179
8246
7918
1030
8991
782
7239
3256
9749
2289
7777
7189
6041
8859
2379
6673
2016
8079
2044
8258
3601
4003
5688
5967
7929
2537
2378
9564
9018
827
4343
9502
4052
1637
4749
7666
1162
5662
7276
3240
6185
9595
1461
9176
7717
7325
8909
4132
7590
4642
9058
6491
9140
4870
4265
9128
8818
5671
9992
5977
9167
2108
4038
3200
3523
2888
9264
5883
7099
4351
6588
3292
217
6140
6666
9590
8149
5574
3858
9080
9649
7871
937
8474
5232
7665
6919
3302
8853
6370
5358
8080
3711
6668
1510
1306
6908
4984
3719
7470
6787
1145
3479
1676
1636
4533
4704
769
4084
8596
2061
150
2773
6824
3096
234
9377
6278
5940
161
8419
751
7432
7854
7805
8133
4796
7049
2885
3444
5694
5205
5598
6964
3390
7749
3883
8768
2058
9423
6173
4704
8860
5260
7667
2740
3850
4725
7050
806
4958
9081
7795
3127
4633
9163
4495
1938
4509
7253
5341
4803
2039
5843
5174
6701
4616
10
7702
5161
3836
5619
1041
763
6632
3803
319
4453
5218
5232
9671
5462
4778
4440
9034
1811
2083
2203
8537
3952
1277
9557
6865
6008
1274
7292
14
408
2990
7840
3150
5778
5108
7509
7112
4515
8766
5184
9060
7601
4672
3661
5060
522
4500
1515
9973
8430
6904
5875
109
5316
9653
4321
5477
5602
6470
4203
1675
108
3927
6626
6744
1394
2661
2171
2229
7275
3057
3427
6528
4940
3474
4431
9094
6253
1082
9731
6926
5218
2231
4716
2115
5825
9526
3106
6962
6347
297
3294
1852
1527
6336
7079
6375
8205
9624
2281
5545
6741
4839
13
8849
8051
6667
7809
1574
1461
807
3237
2823
3629
7155
3051
4238
3453
7679
9753
5227
9377
9304
2111
6272
7004
7087
7613
2485
6491
1029
6422
264
3188
3848
9381
1726
3101
1767
6547
4488
2331
8067
5451
6972
5129
7810
5365
1551
8832
344
9446
5889
4262
2692
6876
9918
4913
531
3608
5292
640
7785
5785
3411
1706
609
5786
1342
3601
1599
4402
806
9500
648
3399
8411
7925
3165
1349
1851
8156
1238
2321
7509
5132
8903
135
3557
3407
2647
2467
8435
8633
5803
8170
6653
5626
6916
1804
1362
4857
1684
5593
2823
2016
9673
2889
105
1327
9798
7014
1342
840
7889
5405
2522
1155
9112
5810
6692
1206
4841
3565
2697
930
9278
73
5745
6089
6084
7835
651
3091
4625
2118
442
4848
2213
3444
4267
5041
4337
8065
7430
883
5406
6969
9934
9700
8678
976
8107
5126
8593
9870
2652
3165
1093
362
7271
6663
8587
5685
7666
4876
539
862
1549
5103
4809
1516
8058
2030
3572
443
7633
8798
5159
417
5075
1593
8635
4038
5470
8916
2538
3234
8468
5733
4343
8392
9518
7351
7299
8874
6140
3724
6215
9628
1399
9312
8064
1199
3992
6076
4433
7341
1714
4008
9978
8170
2446
2572
2392
5873
4670
6718
2234
8546
2034
4875
8151
9811
9253
1162
8662
2840
3560
1182
1990
8493
9420
4639
1586
6575
6124
26
8661
2889
1664
26
7380
2629
2361
3119
8368
1881
6515
8117
1591
161
1677
995
5792
2467
5884
3871
7848
5690
7330
1644
1808
1972
4227
4904
7462
5942
8165
4717
9405
4763
5053
4569
1882
2592
3581
6435
6260
9321
7377
4988
9788
8063
781
8445
1594
8380
1230
782
3680
6392
6619
8385
9671
9504
6797
6259
768
8956
9433
241
550
3727
9033
1803
8430
8503
1271
1289
324
7222
7221
1099
935
6971
9086
4847
964
4153
6472
2834
9800
2533
6187
407
6241
899
3094
4762
7068
1384
2937
1681
8069
3653
2
6603
9584
5710
9079
8789
8358
2685
577
3607
5571
5506
9668
2117
5936
177
6234
414
6981
867
4580
9918
9193
5587
2018
193
2736
6520
8641
5850
9904
5157
3136
443
1083
4596
5563
9925
9095
7232
9941
5910
3173
3743
979
9225
8777
974
4587
8927
4262
4173
208
334
5794
697
9141
5257
4760
3192
4283
842
6415
7092
1037
8171
1078
3283
6307
3799
9426
8350
2959
6209
8909
6561
1713
6269
7115
5205
6624
923
633
2515
8423
8222
4630
5413
6037
2985
762
533
662
476
5737
3059
3719
8679
545
4281
9064
5075
2062
1070
8330
2452
6272
5316
5598
6504
6403
8583
9067
6921
5403
8286
2555
3218
3455
1150
844
8465
6222
6513
7043
9111
3637
1192
456
1924
8443
8689
8230
9716
5243
9098
5579
41819
58638
71389
95071
62952
38608
20321
91568
88074
79838
29844
45574
14326
42608
70609
25178
3965
75682
11827
6471
85093
77931
50760
56250
3167
40930
24058
29416
93920
12955
43448
20491
89534
44576
31924
46043
55749
94762
88000
4772
39754
57147
37119
82115
80416
81584
84356
81372
23134
43037
8155
33704
84101
40617
526
31020
93737
82257
62866
42050
21067
73530
38609
15046
36874
18426
73305
55186
87655
96339
72177
6084
9288
29241
37811
96482
98937
61890
85522
79671
98774
11634
38863
10098
89752
96664
80952
75338
23723
14152
81218
88991
92833
99686
16505
10161
38655
83310
96288
47500
86352
22396
77600
66784
48655
79548
85940
64601
65843
21058
57528
19370
68267
39429
39764
414
48057
74434
5571
95042
11356
99726
64668
47270
58143
15252
91911
3519
53934
9287
16863
69147
53020
47899
7496
70961
29946
26875
84500
78509
83415
1305
30344
64366
61234
43260
33173
57993
53662
14420
99124
10814
27505
93321
80210
96594
62516
63075
57558
33959
2961
84711
58141
73483
22097
9228
25142
93549
76296
68868
40068
59219
44567
23472
4736
834
6458
81136
69237
68024
70833
78876
40316
42627
97138
2140
82975
85473
2800
63295
7647
29286
44639
4954
23073
15898
41937
62630
58943
98345
98075
69001
68718
25138
51506
20454
32311
54262
3826
73678
78287
55988
84797
61480
30890
46072
77258
26187
21288
1938
43523
20526
86091
60066
21513
35481
6265
96953
75558
53676
8093
15292
37937
41151
95309
92578
16656
33226
34881
65698
91266
99253
57553
98380
45080
44439
75103
46447
54830
20141
49446
56975
43298
75342
47203
76267
82848
53415
95654
17728
64616
87448
58631
72604
14920
18266
34064
96101
60121
48493
2011
78259
49488
56072
65515
68525
7187
43883
33216
83150
93151
15371
83915
69419
48843
39501
62665
35722
91135
11539
13624
18592
47586
16175
82573
21138
36255
60126
49028
39548
73521
73819
27111
3350
26605
88387
82942
91566
50966
49870
6963
8973
30591
12058
55880
71235
92417
70122
87545
70590
31595
94613
9609
39554
5174
43233
32471
12307
88213
57920
75298
53123
81095
70942
36527
29882
37036
48996
33055
9106
92474
67385
86980
48655
33311
77357
89938
23772
16654
68554
29253
40427
97112
15991
67539
33957
82646
61588
40999
77973
97358
62605
41533
99210
12187
1822
56684
75560
89800
37911
93892
1366
22124
83935
40769
63200
93140
7243
77474
94031
41864
14598
95087
81073
84406
59720
67319
19039
65580
28164
18534
11774
74568
4114
86111
54737
25874
6760
59438
90652
20202
78611
49177
37003
10950
7399
83675
74281
44112
48400
7315
30839
54613
28867
57011
77236
78539
99480
86619
26232
62198
97711
44968
4732
71795
70372
18631
87979
35533
26883
73852
5643
91548
53732
72944
48012
5766
24524
42676
37922
65553
59484
34471
1521
88571
83329
89424
39063
6270
1346
97291
49018
97979
78572
62504
49017
82080
81655
13613
39490
87212
22659
6451
8029
88232
81188
64114
23364
89400
92525
81975
29563
73668
75304
27988
3033
60910
47721
87042
57284
20326
93198
97103
22878
77082
90735
95363
93932
84405
17991
25122
10029
77657
64768
56598
48108
626
60301
95848
7885
19444
63159
951
89738
25542
71942
71239
73830
80111
53648
26466
75242
3255
32013
31899
25668
78071
32026
86119
10542
33059
4067
43411
97742
668
54626
60535
43738
59040
65901
68910
64985
70154
77277
17232
53510
53988
68271
4586
96721
66518
52406
64388
12508
6146
6393
61325
67424
46473
53773
70046
19008
27634
92028
37680
42018
78731
8924
81293
72297
46
9956
5833
85348
41141
69093
43975
37024
6446
70309
54235
6088
13422
44985
40506
41136
92190
18810
29422
79571
20851
4155
95875
37726
69426
28811
80061
6086
91990
39896
57584
88609
37669
20870
15760
91799
25740
21124
74041
52005
39413
67744
30976
89312
62673
42919
43172
70231
75314
24745
38869
58296
97017
12020
78285
23534
80949
83981
14227
77347
19266
46259
94389
31249
1725
80957
42511
7125
2391
84130
48022
30743
40364
93340
88074
45784
92974
30538
32586
45115
77821
16554
8454
38122
44289
40313
26329
30506
76003
41530
40217
76421
15539
8832
49651
66410
28770
91599
10249
56008
78084
45817
91989
35548
19440
78447
74947
18182
36645
95753
8412
74035
54274
3283
57495
53878
48413
40248
1482
30175
28669
63692
99931
34800
26181
86861
19397
19064
80398
27768
87358
71545
5070
4326
14240
50644
85866
77546
11954
39320
54884
86758
79865
49739
18520
42053
90848
58516
36570
65204
8024
95049
4615
22024
96245
57203
3897
72495
85277
58921
16847
50716
11873
65214
16392
21674
83548
89606
40816
96517
93388
27786
89265
96926
15761
5950
26047
79565
35061
17342
16872
33806
69633
91506
68854
91401
74866
33689
93709
26993
65302
64164
99052
18115
55901
67036
32740
86821
80712
81698
36573
54676
13594
61955
94932
17985
88355
75667
14888
69078
8613
38386
75570
83264
53227
25133
11983
10966
12333
16948
42633
8687
23622
25977
71592
50811
93628
90804
9288
60171
1752
86010
86076
1358
91609
27819
41655
38910
70998
9763
40924
88725
55186
1483
65202
19788
85797
84377
65456
64387
24496
62979
63060
36343
31214
56398
7487
54909
72844
74472
403
48418
95944
14392
72282
6675
23740
84013
97334
91020
23747
31674
58924
70667
57351
63361
90377
32259
21866
69224
71260
45861
2008
61808
28300
3947
41374
2685
80629
21578
21288
69864
20473
77256
88542
51169
18734
20633
21977
91156
74451
34338
57027
97655
72683
10988
18444
51803
45006
99806
56991
3794
5550
57719
76072
7511
98911
22999
44329
69677
55164
98140
59788
71193
56440
29149
97459
50351
86221
55221
88735
51587
30721
45240
87313
52967
35321
25639
45739
96900
51320
94315
42965
14456
5880
11779
25923
44387
74651
80198
40731
82401
97333
96244
43504
91675
5973
49260
29108
55136
36049
45727
41574
51813
12619
11696
89464
80918
3093
40
96482
3061
35155
18541
28174
77000
41555
36649
12076
78344
5086
80645
26058
82293
1884
49521
36302
78294
37968
4940
41979
30625
15472
21402
65581
432
11946
2475
63283
93467
74152
83416
6165
83106
60200
703
68007
8703
33295
22690
7174
66841
97643
75260
21503
74163
8430
14854
92175
48608
14286
52607
66956
11181
20800
15328
92955
73887
54113
40826
64842
31592
83172
13625
28787
13937
29766
10969
8252
84527
13196
45692
83573
44701
43604
53340
56843
45581
83052
9637
95683
76634
28308
6528
30316
42029
46849
52436
90058
94646
32250
65433
84566
15645
32385
85092
15276
46992
71524
47890
6946
91870
13066
61364
25243
28403
78539
79759
82785
33828
43983
7272
95522
77322
28016
5278
80896
42664
80078
82501
45118
21665
57029
39448
81549
62213
96693
69523
82504
52669
81668
65982
58449
27497
45488
56908
77616
2991
92390
63641
1942
99659
50190
66385
16085
16817
25943
59239
79327
64238
25924
82096
63367
31861
9623
56791
87783
2936
53345
67647
89739
92018
66213
55704
51201
56821
65536
9331
43073
21098
93880
55396
77860
16235
41216
70570
38570
31377
19497
54534
60315
68390
50566
2749
77755
23154
82833
77565
34502
97379
13658
26301
42720
32306
29829
49215
84922
8775
32455
45910
21318
40462
33601
36858
79226
98451
52625
30696
40437
37369
5887
8666
67124
69579
67865
89020
16061
15373
59697
51939
98545
13697
92167
51021
85523
33068
53238
37754
82530
34701
3408
70023
61476
65059
91192
84908
21605
44052
67789
16757
64388
13046
46424
4482
30947
17754
80480
27923
2758
72094
74660
74262
97285
83756
95982
96713
97749
8302
72682
6881
71956
16991
31632
83620
48356
10747
75488
76638
72712
7751
37121
85734
25653
63286
88430
75250
32257
19602
88614
8421
61687
72244
13084
14886
27335
98119
97211
1674
67278
24512
60928
45802
73190
74344
66052
99520
66904
28692
78485
17625
40180
97825
10964
61214
24738
95792
74783
29158
58936
70919
21620
99792
82996
85731
74282
12811
59712
55136
30846
94248
721350
844475
872710
895389
695114
552244
259143
300749
113516
678009
715672
870602
243336
616402
343923
636045
865846
298310
27247
445653
375416
216493
314811
981733
122659
834067
714707
164739
571523
639480
31355
403881
454647
363827
408211
10974
262943
962883
869038
480969
100431
90310
897993
50947
378925
633203
624854
764310
718475
8226
138292
331181
843977
190181
136887
215358
511041
701240
607564
434364
315130
8429
914220
954217
890318
872381
236106
500675
903335
428496
654763
509435
934629
260730
823333
504000
772821
787738
107892
270704
892779
827849
747965
600481
919417
57963
832120
954033
822729
84608
221043
521756
468455
983946
407216
518361
983103
456389
731704
43387
931725
873339
508983
413902
150238
60061
448708
724130
640757
380847
272708
749311
500701
606881
969808
819466
878410
979660
391994
206603
81459
858880
920318
22502
282280
134485
39814
36612
464475
113339
588248
814855
762113
488319
363359
85992
101081
239492
990144
459302
297658
453288
824275
521651
284346
582431
737642
343130
615448
13615
524406
379106
611227
975475
226218
857541
206550
400205
339037
354836
916548
520608
56358
372146
865767
71507
225685
454239
70556
137853
588297
612909
723526
166045
588286
826583
505064
194425
771570
188394
840383
766734
858813
583492
360305
498300
937228
610356
849183
531232
866546
614443
424967
538722
386189
471883
840817
228909
350887
518012
693888
39563
484008
155639
717405
616999
793103
766193
82521
338544
510459
355256
80376
415080
96955
801914
486894
76431
53975
467421
931304
617731
979415
121846
461544
300191
813061
319907
905985
597437
923708
682937
970837
434159
463456
345649
942730
11600
77926
902517
60547
974626
597633
883222
585098
474221
205041
636799
384720
952092
497287
242051
188952
626237
542186
830161
676117
640334
307968
47377
215258
526014
634473
38715
494553
50052
376190
794318
843872
29645
624301
236664
961159
700746
625744
297499
136560
103954
408664
778488
565269
887702
737225
173575
376878
570801
567917
950052
744287
894541
524524
382053
137154
298156
13023
802361
47506
161298
893995
376923
567402
642454
479245
405396
263184
380361
647731
583111
514576
136594
440638
153275
401288
856508
385731
632712
291967
472835
149681
211965
379564
340563
892603
182922
947610
474978
912908
42518
208120
175037
245343
147915
153312
925479
754084
641372
446792
487652
384044
311669
808208
799553
858073
523536
108327
878580
305890
469274
382090
771304
761667
83121
541110
85047
876814
554086
105840
839127
991429
280434
501849
342439
822452
120052
94419
453271
195359
676987
841347
36348
615402
545829
776695
155830
51812
667974
372973
461580
171285
413369
561176
99547
626481
545660
740275
407194
946984
529944
466909
165435
81282
268695
211952
616568
893904
564426
806781
255100
994623
349824
887664
313807
858532
893560
497835
71799
900507
600005
79634
739113
399
502689
138797
583085
909527
377484
481891
921870
134257
502399
822608
490170
50393
314816
157933
814306
804262
202275
457709
848779
609138
909858
849121
454597
772604
410387
770864
690519
200376
417315
674856
193750
813943
920403
658854
700590
568165
231511
906196
924997
802889
296420
660858
115817
834716
705827
503883
214545
826525
109420
879668
512430
891853
906479
557678
597959
756800
862824
850302
730277
299527
935157
812700
117093
392474
303135
854857
708026
38393
851117
111756
566743
683526
725948
229989
26223
202091
248261
148365
800615
990615
175418
747969
999784
72221
946679
257663
332262
774622
215056
183533
867755
201069
86319
141103
709903
42883
467643
966625
555445
40033
853795
153738
264089
610245
955097
65498
299419
714905
931138
543051
298919
440515
8976
518236
156037
199690
483808
221754
558121
248422
831505
521184
565955
524352
526515
152366
61391
784812
911326
469167
717092
252169
931136
455582
587722
128840
177496
482305
58707
175354
718703
200212
332051
833907
828919
518390
80702
269753
746531
788489
358816
128442
200761
453312
303419
742275
928334
741746
41782
768521
397007
25001
764978
392081
596351
701625
361067
775687
588159
454011
790778
115044
740852
181889
917132
106718
37946
595972
795277
43094
120403
963830
111466
584316
821516
90493
286658
377006
346979
389122
125626
998520
922559
800050
387877
810230
972531
365458
551267
825223
178183
37025
119292
448106
108627
414656
155526
522418
317156
730426
665358
594017
762327
552928
498365
499998
315114
328825
146430
435820
812208
957994
489000
445711
884495
319738
765268
430383
555787
132917
178312
690598
369254
434066
370700
832896
505102
658905
393594
876869
126257
651565
145445
939688
906602
838668
299411
89560
380560
353207
501591
560706
780024
132053
342626
992641
292992
26569
320160
705805
670922
615843
767206
588628
910791
826140
26909
201213
212065
261744
331801
986060
484563
598005
133655
817437
521066
127540
382086
95168
763781
276531
987422
793976
219464
621286
522911
329705
578
294207
33954
868847
695557
46673
915747
37329
923349
300198
632246
845019
138078
851984
224375
453194
757387
406379
684476
819728
396873
442945
698798
464100
640166
942840
327277
454325
724491
50589
673018
240847
348750
698370
327217
871241
399841
261591
626669
840191
985937
730229
416834
207232
2149
559139
621561
658882
157168
327912
752324
224599
405536
92911
456019
91439
614897
491316
836332
238495
859234
560124
413096
963424
260840
18331
297421
750663
190626
423816
723165
44889
563127
538225
832874
360849
590270
586150
617662
922389
773787
145736
208086
761835
651203
208820
338450
992852
260020
262948
408740
744228
369861
720733
485748
31921
702960
400896
850267
415871
992023
784448
906956
951080
224578
232200
358237
117328
631637
870876
347874
135198
959897
420983
720025
479672
527287
793945
124048
927636
971914
231666
812876
401874
510980
950430
931294
670465
515306
588470
654882
645294
218576
943973
921085
561007
546453
789293
989180
102778
278911
409567
383582
842720
421299
239662
280813
370081
86581
384118
394336
514330
718519
284813
557428
169004
124574
26512
413529
388352
779629
192588
659613
420018
765374
620538
169122
982536
162536
601620
329420
597269
3098
477685
372237
178167
174552
422680
242393
505405
367177
679163
287945
13129
592180
428563
55027
230936
626754
730942
890654
182297
532605
496022
177650
877323
68844
789186
291623
241627
978067
157833
487768
61035
248252
720197
674249
767167
368659
125848
890722
246637
338412
649016
130602
828009
89004
265198
319134
29207
231711
252446
344777
483127
207686
119417
806730
664299
528493
993536
216494
873998
264547
359487
452368
583146
2076
127984
520851
385087
73042
876939
428397
967207
657971
832678
416043
369723
665046
194212
839527
478101
1616
13395
158370
163027
34571
52047
482415
51821
329924
109589
287504
311428
155979
908623
768653
332361
550120
94075
885076
661671
759841
606395
551326
90748
335355
415448
193940
205680
840853
459435
323298
961317
500087
435662
389998
741734
381612
52766
523782
703103
785665
709434
720538
633302
457042
552191
24616
271069
159814
891598
215883
670391
532778
449790
849807
870499
231855
837176
694255
682507
141763
871158
661102
300676
646753
121142
909087
657879
109580
277904
564768
733792
442103
577413
740786
146335
568237
221929
726719
71125
629074
274563
649540
471728
390549
664812
153913
915442
20515
938957
908729
919927
107821
860475
404675
596319
122494
482651
705182
929261
8878
71134
474110
935027
919945
408571
897891
166853
203333
762043
154968
313938
193291
587548
539548
614294
928091
4196
201331
223880
858330
230023
611193
569821
977109
874137
672671
300288
497105
60235
723010
447378
526345
679727
764677
923094
215175
753147
821650
87230
308369
636088
972926
135470
534174
903594
982050
344932
61910
487693
713504
782532
516788
54003
456595
568449
633991
809007
674899
453480
397908
929807
211144
532330
691696
431490
728735
821659
711349
801350
968621
261406
680724
306321
943250
607986
698918
714317
500762
310389
24420
265318
462072
798092
231201
217022
318704
783226
628951
310652
86007
705964
236338
169656
785337
676270
432755
76474
256629
303123
222828
168353
976740
566069
635361
656437
274816
559458
793898
66883
666625
565861
482540
851746
198242
963577
1555
280693
201603
219322
954493
704955
211434
7451
200404
558670
226962
144168
74797
478285
912353
435108
202285
277916
360383
908236
316871
962411
841596
403398
836921
487209
321242
163325
480776
183143
888925
396914
878384
819582
169791
40392
774152
814717
884065
254998
972525
207289
420622
607423
797628
801381
383412
903337
485711
337700
997390
204951
316213
667481
902986
512285
33421
172208
301247
380541
330474
851802
722422
431893
680706
694808
373377
970092
430758
832901
308686
528730
819729
304648
292807
923054
518875
372945
692158
565262
319539
803809
942624
1587722
8157805
9150311
5040195
6173885
9074604
4730244
4242784
3950477
2388705
2289296
8367805
8459613
2131716
505348
2167999
4976138
8165704
3639021
221089
7682028
7694984
2333880
7347563
3175861
7314254
7562399
6947332
3773372
4785374
8594564
490917
654854
5584173
3177207
7346443
9838667
1457008
3913435
4820692
422640
8463118
6635336
6674951
5995643
5438492
4126795
6860693
8050215
6715666
3776958
8279266
3347189
7246871
1196395
3270420
1144842
9036324
2763694
4682512
6978140
5076441
4079932
2945700
1356434
1466345
5850070
6084427
8219359
1875537
1160031
7058068
4762385
7533310
4813260
3310468
6866779
5363268
5065613
9232948
7354053
5558130
1944378
7940182
1669701
1958968
8531473
9378315
8302699
783707
2547836
2898657
9981898
3975449
1976134
3455768
1441858
5753485
2891380
4825200
519284
2118052
1654400
2553218
8988160
4592161
7770455
8071810
444801
5427740
8946077
5858309
7344430
4010052
5914487
3516613
8629828
8018950
9365447
6770039
4219807
6241762
5376446
858574
737394
909697
1709539
1571630
9653424
2834506
5561378
939400
9912740
5647881
8635485
7137804
3636070
9141173
1864139
6141778
7807395
6397995
8053475
6810328
930890
3273750
4226479
6674174
6791971
6950698
5675497
6090381
7550165
4102554
5440035
8259906
7002339
2692841
4996840
2063666
6461602
224069
4247025
8327573
4770500
8358528
5481556
4486827
2287461
38145
4958739
2467397
9236356
1365441
3158049
4402051
4144098
4905283
3179166
8515589
2722421
827166
785980
5941339
7913353
5805992
7403408
8292119
9492364
9486576
8250234
8417912
5202530
3786701
4857183
1729882
4757723
5825633
4595017
6789814
1994971
30190
5893625
5408236
9368820
325629
6070578
322610
3736666
1426908
7537947
5083043
268716
6411585
6072110
6638835
100162
1466060
5409478
4654726
1127887
6932135
2275979
7505278
9829274
6532446
9480848
5451582
4407373
4684979
398487
2167840
3817511
2468838
38451
9480529
8482189
1957921
5889520
955100
2502547
8853660
5500104
2347387
3228155
777874
1008657
9387732
9634897
7772705
7209965
1483711
2243575
5381521
8728359
9045880
3683916
4390945
876310
9371886
4365246
4471851
2018209
5959085
9426102
6143725
1947676
2918285
949590
1555035
3385556
181928
6447787
3126618
2787870
8658887
3047408
9181653
5907709
6168259
4157570
1984579
3954953
4787821
7634122
3001941
564018
4298091
6365698
4877679
186505
1812225
5702171
402735
1651193
4913426
6733784
2284024
5761769
3839371
6614399
1772821
8561000
2513552
8481336
7251773
8888322
7995672
8314063
6853641
3677492
6633395
7838726
8925348
3287517
1384992
1994848
9123776
4905777
8149691
2531908
9137237
8949594
9573783
6871245
4869784
5725455
9815540
9292407
2025563
3000144
9523216
9104605
78619
8236119
3784907
8783094
3490182
5169895
7176836
6596052
9282670
5426355
2066211
5145510
7510347
235570
16320
9712618
862075
1475081
7057893
3379287
5062160
8543075
6090762
3596875
2508892
72581
4663297
6533504
153578
999516
3074899
480377
697182
5629287
8774264
2198386
445304
9915
1713409
9546150
8906065
3372666
9172390
7552379
7373477
9026356
3707278
5394050
4675423
4154109
9909790
2525736
8622247
4965858
1574942
5388881
8643997
9019820
1806076
2765499
9938796
1168346
4431092
1078039
2947957
1307888
6295680
8747121
754844
802052
2961573
2762267
4871275
6053805
8769313
2503626
431599
4211980
3426405
4263667
5258046
2660607
8589241
7630888
6978001
2197923
4316229
3103844
9599845
6988885
5257318
3374187
1428159
9288346
761542
3177284
4515260
6902633
4403144
3135937
548980
2447687
6827860
9219126
2763589
5614185
2062236
3676428
6917534
2747907
8056772
1134088
5385307
8453019
2262200
8157016
8308383
7579074
1848244
1986851
5073644
2855546
5073358
7630126
6083411
9841997
8002035
6762711
6707722
2024391
2589364
8524951
1680369
1747647
9334224
2423212
7252935
420828
4697279
190612
8913145
520556
3793430
8010611
3149621
4058584
9043860
6657027
4886229
1562188
6853125
5020061
6753354
4886231
6218637
7553496
6581780
8012634
205704
762523
544268
9262809
5971346
9269197
9248198
6290550
8104566
4024225
6197804
9928760
8515606
8516081
2900226
2891409
8263539
902903
3759237
4559822
8428958
2423416
8295660
309582
9307789
9234140
45039
4820639
3073496
4381014
3809485
983851
9970474
8836591
7629064
2154507
1969137
1531932
3273526
1486263
5853731
1413689
2040580
6201313
2665600
6086552
4739272
5845827
3747772
2217864
3355188
7798439
3820029
3669358
6053024
5380335
3042638
3080772
9827865
9151321
8106992
7463440
4771560
212088
5107604
9292160
7454810
9378019
6740648
7472094
6625583
5427165
4779703
4948603
5152314
4362640
6343654
1425495
1680627
7348527
7179941
1495964
9075521
1228675
4292997
1973341
1562994
6022548
8657196
9054121
3777271
9682745
7171906
6713857
4948581
4771323
2554731
7326693
4441284
1772559
4996489
2055437
1275721
6616595
2218131
5018661
624522
3823756
6266498
5089267
3622522
9671933
3127887
7018210
9784116
1559828
866192
4374362
1601320
5955635
2193587
9756013
790948
8381021
3971771
5713671
452101
4918905
8721359
3751788
7537013
8167991
6760154
465744
4875539
2540405
4044947
2737721
5742462
7745120
2875065
9478779
4088364
7412248
8994965
803766
8698330
1969110
4673508
2980189
6066540
4663680
5867728
3316506
7820601
5368424
6332385
5550284
7262990
8055639
8057961
1056514
3535070
7748331
438311
1842289
3552131
3433524
4437082
7981667
1887954
2904977
2475800
3787880
1936641
2359225
912089
1837114
8708267
3075269
794470
7869677
6242715
2144245
2282331
7824400
596423
7696817
9233202
497601
3400492
3735155
4320980
958446
8426434
3607596
4403485
2564523
2054939
8921151
439621
9412360
8895724
3110673
1642502
8130295
1426102
4394089
278147
957718
7122387
7941170
7668917
6816628
2457811
1987219
4027745
3602278
2203083
7116094
4743915
8519699
6322900
9250177
9431992
7173281
6921214
6619071
157605
427027
5624083
5571762
9174537
8721087
4836504
9203561
7016154
4583732
8735120
6678367
152766
4209995
5628922
5147501
5520581
8667949
6879109
6939103
9192075
8554393
7477212
6562879
218968
7744809
1776318
1160477
4257531
1996784
2799038
5312604
8357998
2877070
4294809
9540419
648971
3645856
1370745
3635346
4737674
4489940
6540776
3914455
1344149
6619827
196364
8676391
6416867
4652497
3249498
4143760
1580858
9562501
9591382
8603801
6349355
2176330
8339122
5892037
4235407
7523139
4371172
5218948
6904555
8658038
5400639
2080048
1408354
7063029
8778467
3536243
8286795
981023
407055
6720285
3637289
8827141
5798927
5175167
8328282
7875076
2788159
6280153
4657096
1530491
7573846
6802125
5427506
4382226
9559691
4290557
9742995
8970403
6619249
407507
310951
9623918
2761485
4621619
7342637
8660140
2226246
3138874
9714
670389
3365062
1430136
87571
234310
2325234
6383998
431785
9769639
2033486
3290995
3136951
6635943
1861471
2484314
768351
8049803
2559126
748315
4992047
9805524
6659717
8544664
7417995
1125083
1825229
7325536
4609812
2192484
6449250
7599315
762364
2777780
5894364
9687618
6214381
5559566
5082222
7315240
7300995
9207013
4984566
8801319
4235197
2921968
137751
5803923
854882
6449251
6863628
3258658
1289777
5758423
1992389
7818846
7846096
8218051
5502018
4464275
7723342
2331709
6044481
1767385
3591074
8211095
8349797
9540260
6604751
7801110
780108
7248066
7092627
2818223
9910037
2002175
3053008
1921957
1156750
6107338
5171027
7744141
9397548
7290301
2604118
4729684
975143
8583072
7373679
572776
8891535
2829489
8733809
67600
228465
3136546
4837123
3293579
3112265
8373237
1804883
9928337
7105697
5047597
2508784
2189959
3898761
7946389
5394359
8996058
8018665
673302
6510985
610993
7384264
7914115
3395716
6463169
3681220
6371910
4821451
8578703
2655362
8672703
4847241
5852824
695143
2383835
9881698
3775721
1448473
1603941
6748367
198011
6294333
6972553
1979930
5075529
9310668
6654072
9158668
1799408
8401891
7015532
1327049
8166523
9094044
5003909
1756991
321963
3371738
8925236
4436497
4970686
4307644
4027920
8562532
4119898
4660086
3793521
5649772
972271
4745103
6728300
7212544
9562105
4062247
5147926
1575586
7801535
9471509
4969938
1225103
4621226
6169561
7893012
2335553
950597
7457798
1678303
2469447
6598398
5271082
9067879
9857493
5457797
8353496
4844503
9407411
3168263
3349617
8831639
5153003
7043896
9332676
2908401
5328397
714194
7134863
3313150
7196616
8027660
6427077
9240110
6968213
830139
366266
7904519
7461041
3739743
1819233
3736369
5381546
3453839
5351509
9139526
8605467
5881412
8714032
1817726
5882940
5529318
7777098
6850039
6471424
5645837
7260878
4751429
415610
7069986
9223654
7431587
9571667
17472
8825701
6511943
1279325
1536501
8978565
4024600
271442
3931248
1504119
1668597
9210469
9598731
3577690
9949719
5800177
5953176
1603886
6397815
4756142
4622452
5501996
4910715
3304434
6702107
8163163
8892670
6359059
780678
7941681
5021382
6163086
8222194
2923636
7213960
6024637
496690
8959191
4034898
5793267
2624929
7197037
1857316
2689189
6777060
6402272
6060401
3046587
5985107
9890234
8720942
5202070
4928003
472
6795773
1482653
3176400
6116403
3396616
9009985
772706
8881607
2707245
3403110
3964589
6901315
2985174
1180919
1383006
3033461
806578
2103258
3487237
4460312
9617120
6627042
5412243
7611143
8738727
9646701
2271593
1043521
5236673
6397441
1294759
6504629
2297484
7412260
8432841
6745116
9051920
1646596
8511504
3171355
5128020
9510533
6697814
8820871
1923950
7386601
9990386
1696611
5940000
7276153
4979785
8794136
8194027
2966784
9726348
1406291
2198825
401942
4538058
7043974
8205992
5823194
8414026
6338440
9044427
7327030
6267392
9930816
1340633
8481952
9881701
7501125
2328981
4948846
5153391
3521579
9028642
1517413
1205988
216520
3685143
3055242
6961913
6441964
5106505
7295448
2854224
8885
2759442
5344867
6574473
8684946
1447422
6470564
6991999
6560313
3510718
2629020
3606779
2001956
4042284
1528503
3751994
1486880
2370022
3571743
3964925
1546744
2729810
4641038
3740224
6459547
2948764
5547735
6657579
5417031
5239678
6437484
5393434
970641
7895852
8697842
8289492
9173805
5731512
8406516
597490
15467
6585847
4271545
1087214
3725327
9142030
7746117
2929640
448156
7160339
9823837
684838
2901602
74233663
85673808
7164824
19635020
4053490
88904471
43700745
40113275
69864836
13392794
86552950
60437337
74213427
91696977
64355234
18154406
3392905
50318039
98908524
8969578
57531334
73242379
53110582
68571385
53756875
19764175
55883668
16888220
22711206
13746157
16753586
56618415
45819274
91436349
72107111
58957521
81454729
89503598
6835481
63159978
68432879
92354561
48459003
67663694
74570858
72744504
34251046
99271407
43440404
4702616
84995580
46532826
56926586
15301061
55003723
58875659
90259042
77334008
62133887
30052290
86268832
13498926
39278791
51234801
16404595
35300760
42426393
40834696
70273345
26085147
98694760
33585393
76932004
62524506
4364696
39874963
5940909
72022441
51664512
81228432
93166181
67329891
6764022
20911116
10689087
66309609
2486834
1254846
31986976
28744382
2430435
60093744
79798011
24446967
25357188
22161352
88495612
19996242
30137498
61940633
63057960
18694536
32464512
76494036
68044896
20301797
92094297
88918952
2404723
47790846
13785073
12706516
85920764
82788764
49794562
12166189
61968529
27415659
6800318
82658817
82902703
38549129
47254083
71605445
14662267
83293882
58930236
51208806
2232501
34530716
76972750
30644925
4052449
14005926
52371801
40393368
82919215
58561459
65388626
32426999
8578714
21759773
54841244
5301286
713509
67306896
70734525
65194288
20405380
9892138
70730
45191591
42214389
68858422
1744232
10822816
25839422
72574524
20024649
67078685
86735245
30983369
3806594
1515118
89514314
55986193
53094954
23986972
78232720
77181336
78266957
22746533
18459875
19130396
27214764
14795072
29474831
72371070
65947199
70631796
87468250
6725279
7890489
13461653
53205114
71848921
31450100
3988850
62544204
582472
1488954
3617960
24190052
2717761
9356558
51862008
44517964
34296839
7881965
49232931
58213518
78226953
34174442
19260347
22889008
67125662
19078621
73326678
1837174
78636368
95767766
65864904
47719351
90988138
2048091
44694406
11570457
61916406
27694103
54689629
76141147
25927185
48180786
53798796
95994171
66780574
99424118
55342436
55283019
32065046
43965975
97598834
43721129
40672916
60044753
13189664
32324775
17246438
54442558
98784976
48447269
79643520
29780290
99297729
63311848
34882546
96746632
7905585
97264293
49564454
23029883
63612646
96407666
35852561
58774803
8674271
93331329
6781500
28870255
32245536
36226367
82069117
43156134
15130522
90237698
31653481
20223084
13702549
66355754
97100764
64720146
18931231
96504237
37618809
58824602
48794717
72954810
95939553
18518202
23759282
86054196
38307571
41696863
72836648
75541614
99482492
73442275
9458765
97664532
96645022
37847296
6708640
20697138
93506226
35934495
84088757
65962736
93725320
18200624
26496616
46386261
22602699
74462136
86167970
23016095
62960152
61635242
545153
92062349
84103455
48839567
67522402
13485432
12776145
58208301
94951604
8185459
71816805
26247916
58907377
94902264
62008202
8593235
82544918
12934904
3804591
9831063
59127393
14792951
22259639
65804801
35641472
73921869
98563075
26805840
35293898
86321659
72274432
88810509
75358456
88041305
82816246
76139466
67607078
51007
85788308
17628041
14182955
25864671
80407594
57762553
5973058
20070526
82408312
57728313
81230445
19635156
41983230
70320339
36789094
53774092
5841014
75632964
77103531
11023187
12709187
98335121
59464982
28663583
39030355
77684652
37762069
47949137
26726062
65118112
88105453
82948962
65107932
99029533
47906962
3797647
8926717
88644260
73850023
61947833
41343654
26227417
30985465
48286857
63679967
89348453
61605201
51743454
57733181
81179827
8276246
50365227
80844395
43311624
60182811
16784100
13750108
70588106
20886111
63370499
72890512
56135241
52282758
79946769
50072454
84903986
51610369
82455187
14701776
92872010
32468574
3638632
25426486
62092493
93098818
20283861
66124953
66752249
57326132
27266607
49939642
23425236
52006915
92385181
21637571
21112921
47375131
51671538
53186309
71469448
49306758
44530013
6162666
52043428
11119055
635054
4457471
32869033
46705752
69542374
25327952
29617371
27072648
74778715
65904369
37495187
18156216
71285693
35601492
11894748
15361057
8747246
71415963
67719943
17969873
79144845
24442920
56832032
48594926
34660794
93273476
87954212
11382494
26069746
19035570
30269070
39089116
86745549
95249956
55281161
65010240
69417148
37498715
99164306
99072878
48828375
57517166
55672920
10821146
54790718
55513273
74074100
50991179
20376644
72264043
59780920
21470389
79091292
50074344
540117
41077971
28718604
27350769
68617845
11681009
53264592
41050128
38550720
73486383
88885187
72751089
24705892
82185174
33643513
14034933
70336640
10244753
28145362
10081433
66707417
24932144
64868848
21395157
6486236
1933407
77516920
85649878
85872937
31774046
23231812
75715995
31650428
87014264
30805358
64640663
29538413
63963139
43042016
59093991
97595895
76970945
28442407
15374457
98292783
97258586
83867243
57722469
85310530
72492248
80745832
87590759
25407020
55545689
61363353
12396174
16780572
54265073
81747594
41321491
44244687
72576639
4011430
77568900
25061179
15875936
27668877
1415783
47684864
30519375
10766479
10998415
22617945
14018472
30138805
28637777
18685076
1982988
21029068
38215962
64491173
46189956
95251094
77833758
35840932
18238354
45928575
1326976
55458673
79679065
88952918
95720054
94189111
23564482
87966064
84307089
45293150
6575925
2504883
38659270
38178748
36629478
32377803
77271303
14872360
18931777
3287379
95106615
92100976
91903750
92541698
50677524
47350713
83415637
75499570
39488398
90187790
50693232
70654335
16367549
82964010
34222952
32016083
27127557
8727765
43239463
58224153
58235613
16788959
21342821
79781855
98799321
45533592
36002033
80855784
85439999
94427440
60302714
44236464
35129360
15179924
8659509
89629578
93342407
70790369
85373796
18401733
99592290
52730262
64660899
50066925
90102700
2428931
66032799
20775512
49621447
97545127
9053425
99116645
31020330
2729060
91044887
67511230
45368444
67835883
90786263
94819880
60452453
57081370
47350326
36472040
20891661
96914296
55252583
9738119
24689256
83174012
50073635
55941731
39634715
89737906
10802852
3615640
72807809
65848385
17569445
32915117
34142693
21362942
70288382
32228119
72432563
25475322
76892164
66357811
12081574
58176254
5806481
61547696
1656710
16771486
24208928
45141112
69257139
36973180
56801189
92986850
55676878
78497158
98416847
67962473
92161923
26543783
21660260
4558232
79006226
2431945
12922151
5114282
64517556
16723285
2097827
36190963
6796436
31706324
39409528
40196601
1383950
25541908
83955452
14781789
363021
13609210
35813845
49365426
29466250
67030986
41510377
47850630
79238993
75917822
62350621
99545332
24159438
25847877
84735338
74717286
61440095
53611865
3158874
78505542
48482840
39758743
5035042
66346655
53480019
86235215
71508730
7616109
23168879
75745841
11594856
46663044
81759335
54942094
59361843
74009352
18802173
55028559
26580931
67420861
47053656
56669300
11351
616590
98525989
55164718
69562528
25433693
75514160
89042780
72205014
33441717
60575679
9209465
84297369
1354908
71271924
96554249
54583911
70843636
67659440
17786957
87135014
48619312
28835754
53653853
70704728
27681799
57112330
59955174
9271767
47808171
25720523
63638488
54418386
98050946
56761962
29766117
5588450
43249907
24761869
34944956
8742453
97911390
88989879
86370188
99608451
67357011
47739284
61529208
12330095
7112794
63432895
22389680
17555135
60602473
25703829
19100331
81134418
35219387
25171992
502584
91614610
35969057
76289186
28966093
45764220
78816947
71207613
99799006
74012688
81391235
95820227
82578867
90416698
37653109
99465799
87067386
85927714
27550111
67670379
70738023
39583787
56938348
52802423
87075430
22511762
52019971
32376600
67732141
79748391
99734024
52531223
40341982
78589871
77089995
38193447
61706264
78165064
82245974
1348741
16316467
80599649
64546365
33394616
43044848
41210453
85844541
13419761
53325333
77688727
36714933
46738592
29101430
2161947
2090712
71827641
63864703
52007252
22462930
9014793
50394729
45351047
31928459
53142934
83895960
14429098
94424501
73191775
62330129
69011330
148773
37101558
24205518
5479799
79269380
98915950
14125504
14743811
81168520
27616301
5808952
53032542
79608655
21185488
72442431
47615751
76917457
3071638
21642651
41432434
11421930
19907559
22930267
58633888
34534960
77868016
16743248
42552933
52129861
93804088
84061898
82767905
93694361
23906858
31977527
70489968
79789024
64941907
3196056
58950113
5769623
42207934
32224241
4381711
63867235
10122669
33995932
50029285
64030382
81709935
35769707
8941520
84854830
34910936
77292985
43893903
48072607
16995043
41343337
3051105
66336074
83196417
44344689
62274735
14542803
52877128
49787082
57546376
17055670
31983728
19144375
37080531
97946340
49410111
31830886
37443977
50431606
34834789
87136889
7370816
63684021
42380040
1739442
63020959
42367929
79682527
73443706
65505882
58065473
94914928
90460739
75229236
64761430
26111118
36712616
30266073
48111074
13718939
50447565
28198916
28788471
29754291
80357252
51667524
69177758
38548598
44754637
46917391
96609521
39928790
22344683
65917583
90181376
3253875
43644269
73569651
21246963
55763437
19317002
12476337
45415292
52970173
30279392
54479264
17111162
79438116
13525444
86440725
54610949
12807927
77627084
55705021
94692162
96180196
16201176
46345431
57384471
43800438
5031357
59187170
80218369
92452253
85355894
16245911
6135505
84748587
72540438
57989026
73934170
71522071
12346129
2297950
85174190
97994638
76944587
43305240
75761102
43772935
78003171
63552993
29454765
93037509
7281684
3092139
20657462
44427848
6088915
68779897
87059894
96985550
97744609
81184360
56898899
11244846
88836549
12198336
22218410
26781862
60094172
74074222
75332974
96825000
7885616
51836251
66260643
25893936
31649119
84617628
65202918
93640634
95778611
46457723
27316188
57779195
73046330
80067556
78742910
74895160
14422582
33130546
46345052
3595868
1033466
58661956
28613391
93947656
5350738
77851440
3507062
88128942
46146619
25360602
66170599
69608873
11583638
32912557
66191392
37836589
16390300
22634740
76929149
78820250
80025374
80389322
82151438
53949434
15109062
21682225
75607330
12943509
39639932
41167920
17824170
89470298
14867628
92847963
51891563
62809244
61683736
48401694
65823286
50477806
25270823
52497966
96015773
78077219
3590027
22742224
88071185
96334804
35737614
5193047
80877684
8911734
29664740
92707510
25923272
32312777
41818904
81521944
38460530
19352106
43738068
57320723
79776451
8460331
92473161
14356366
31875683
79343675
57328842
38899882
78218161
65462418
1461749
20202627
18833030
67500034
71638599
30170593
44184465
76152795
33938151
51502534
63984133
11636602
30735995
33101189
43947802
36410363
91674473
53978878
24318655
55165851
7134991
7395802
13892259
27027440
55714386
62859070
45599477
36351080
61935399
2797504
39360157
56040740
21676830
67388606
50230172
1854939
45780399
64033665
2333561
5648114
82553658
80218774
48304428
52391119
2283560
69260919
904711
96883056
19177234
35749671
26101054
84046632
85345145
30090180
18136682
96308411
2389432
37059885
72655409
41258159
13307219
34923905
69370176
94870315
59029999
1736232
64415944
17352077
51191527
6444425
25914450
90409971
79588613
7106306
97362353
7107370
65896381
25258959
11547789
87148140
10795697
526239702
559768615
289007879
225621139
480076554
513956519
677552558
578212919
204227145
90634708
374325216
82667235
642492177
641507030
335623979
901114289
287283589
479994064
244710395
708050182
418517992
334123736
384891596
867260702
252603330
277144194
997991297
420538433
861738896
789603239
259522880
679284396
721483609
207269928
80883500
690822907
76310010
428266801
56172241
695293732
920803198
878709489
646330300
479370997
613113486
754819109
933092700
59794167
559813951
490955073
366950189
322463624
634527274
350224293
617109773
616885267
315857892
780199875
74062703
759265311
596791361
981846810
671019635
362271676
11433672
592161069
216910864
803002892
900045100
825401725
131762234
215645481
56113383
511714252
382749592
444056365
403625032
884350069
616337996
802729819
843686764
571357311
243716294
934348997
81459915
515135425
853008140
391085513
582861117
501073989
98683124
174906192
295892139
310106814
79717162
428555776
41350768
493134866
374390208
574769124
589621535
289160130
572011616
175312928
66106155
94444350
229263573
929852593
200238677
305655433
625955622
239502729
132643858
706492284
857525256
21210747
96573945
619516747
251514220
147612558
359925569
426515404
610648060
892297714
121898711
921888638
328452933
945422846
632184004
794034384
172289016
787951269
673467355
821213344
51511068
218553860
357296089
774440715
983209975
256431584
54688953
166720718
478403417
523452980
134251084
649055690
668774793
523171108
731462742
912118367
839821125
260958271
901865766
743715284
435258975
498032625
388214625
587690280
453978244
14349886
331541411
3686734
839951848
591504813
52956041
501433479
220777383
35618312
546539313
194126944
351428755
426182120
853879713
844698616
889151320
371743973
361606203
824970412
794353086
398878353
932441589
204188811
796483225
251921387
106584799
5195623
275618107
171655744
511016733
939067202
264206256
70998975
532104518
849611952
295248365
150212980
564641758
29513548
533444073
219965315
433896046
415192112
413951724
302163718
215633373
90553248
985823259
473032199
970487131
907973315
87490469
88139404
801121862
237812405
78392059
302374712
611764087
292758030
862518171
1441472
380811376
586184173
896888362
510449066
463932522
254195394
346407023
988630966
348064821
213371150
321575482
571334559
376437770
369308741
873505219
491701476
85030685
381074609
235940512
139652857
509334092
641080666
269959983
885034472
805467105
237945223
480117994
82997657
20709838
53443661
970644651
793148970
307428262
839127211
852569012
772526079
599808570
106694272
548210431
930970805
24903469
339733390
375633953
746755131
862813925
453041486
136865746
818959135
498527852
730296147
991519713
327366167
177388072
839758831
367867281
448249823
920705737
520237414
81286836
800068808
818055357
884009355
938925460
68234782
419866804
341003871
397377616
834505595
550795014
604359301
955144116
88554686
859926302
254559988
513648384
246229548
422290285
111052645
259865201
738532912
180635262
845965600
832014642
110142456
637748833
687978540
618699633
462442046
275730618
828229945
902624129
385564772
963057984
483210298
204889889
10725307
60280012
52628292
518842845
881062738
283181134
482374195
847636889
497378372
611799895
664890581
648856723
316376019
682880553
143835747
505406588
673091236
791826282
909301995
995941264
992690291
708650853
474978204
458499050
299071034
504285624
657938222
24998753
313610645
129458539
67485485
17292954
764243182
25114582
389229159
594456435
430860884
677808981
848081315
616252917
453323223
871845171
291782598
240866154
56482249
998839713
315249885
926740039
261740224
499404415
114950348
810034507
339874094
366878859
904255373
85001008
510709556
426445716
647256103
748854733
576078609
185064297
633981638
540225224
342331380
273842886
760428534
658881133
723587589
996186369
548102583
963484503
208805467
787532813
228437403
559545709
82982312
977622035
601395444
24525350
965757263
327688575
302414940
333858993
378301899
34024176
677297858
458093918
677319133
164372475
34132052
194418927
40734834
589505592
643846957
936954120
451391181
217693678
943582967
549870712
412205452
162255473
183748043
650089312
853177120
590000331
367926988
663864088
803095618
78152509
814244294
235122632
63831052
616500651
30983806
378853839
373583606
996194528
885349377
647458451
917567927
6391530
940016554
497244022
540050120
443715104
49614869
609287734
390786315
139772580
77806593
771984308
411279609
670164214
220655293
192382933
1726354
683797431
580177969
765505121
839109471
318334371
140610624
268792963
182590828
69994205
400402850
52578471
359520588
423020179
740816840
28295164
753349501
769444239
323387108
94095843
328628736
752699500
680298012
693071111
441156358
201432105
190682911
227791481
982503177
689852418
212826599
774587442
29718629
91332806
305621339
59156391
240559803
484777300
640782924
21308762
159886489
242570431
811490658
354798832
492298402
949115314
633905903
21353697
283398706
153536576
765382871
677295034
681710419
965554858
170938621
776616335
246930976
676857249
746195473
341742769
309240116
711463777
1649878
198123781
548500689
626574039
106464809
3501089
424164277
917978736
377908402
311723902
182949116
36538472
926170120
143839653
321579613
93938927
308317671
580568018
79349609
163584932
398463895
106118320
936515163
412505738
10145993
370432338
239771780
753515135
208782941
179425575
82441721
58135777
616816026
935089971
971313783
583925611
213733572
638908587
384524490
363178221
58738474
558893351
580679897
344320710
224538081
526156867
247795087
80837108
180232459
892055700
972533000
499938866
92889175
599675730
209722186
27642122
718806616
81276976
165671711
805797445
980562720
642878356
875781509
13003894
581026397
888478999
728464505
232058523
910632517
459503170
513511910
149405511
841476306
788765428
784118059
928762212
325052968
426830163
950543357
82815373
656742009
215570847
10141030
30542217
323084334
526570372
870632214
332423609
240836248
40774243
248632509
730177835
847282143
623493953
795411840
280969196
765469436
318300907
626313646
784044105
786505225
393554883
351526041
325644080
836187528
124518198
357199169
262512309
119966573
758410254
730236133
349950778
140364543
502205576
662190970
944636961
537383551
691992255
542455600
736759231
362299897
279316358
24142612
116684702
484372959
946097177
854251715
244326314
777653498
375678469
895168179
539589135
430459971
503127565
131356391
510022288
67938692
75340596
118173195
664868245
811730953
364091986
816940956
802532251
979424500
28172915
77934517
578898434
29889661
975645608
142075743
956576477
373771407
898378633
418191849
139402356
948379872
905225296
284715683
112196437
376197040
592026810
541409381
674868390
529812621
387026210
367803508
693936197
735555398
620334926
641658099
48971628
529056581
392217688
978263763
559491248
968965587
747597535
763141635
757900145
478960082
590468552
745379264
979990945
755207582
340071340
599336262
543017959
192507581
18653911
540882812
908845207
208932746
352670570
411295317
542884565
208802224
319936452
913039271
428166546
627061722
244148519
23699275
151285407
988476931
79990306
366194865
357419324
915467450
952937971
670164665
388399515
141199979
125084749
578406154
357293117
319280683
823742119
784117510
836796128
18578716
751576237
229346560
486960326
162562508
904574554
764849512
208029243
713154856
797342566
97947156
356241510
464439755
752328262
895110196
820854627
53175033
556691887
44182404
83667396
265928408
851306194
963070755
927421681
518826886
89072790
875130644
445160779
482595622
129475997
165650336
131748170
96335644
449461534
83979046
702466903
196382467
260029702
77909300
585479582
133920308
634503881
477144624
795334473
746170269
427164235
495439030
530557186
540399593
213402075
238605277
679798560
336849730
663582869
733452228
715680191
38866127
185972185
805174407
752418924
8240431
970147164
644080006
848647005
480612838
225475246
952459851
562304680
194157485
591488632
163541252
790329229
990286485
71493271
182592420
466788722
817478546
628804744
560911704
560262215
825388814
517032505
538903125
771631069
683233676
472719465
43187283
354231006
435208017
951165093
766517568
250044557
392774661
278255371
820369290
483653905
743945560
206911761
770452552
878730750
104818655
848229906
460203509
884732241
851595455
802094065
180396366
254173979
756461881
425637350
65803300
276246947
702398132
904897857
155107482
470609005
347312061
259097866
491400497
210181309
599607300
277369748
905611876
483324093
660326145
94453681
165975478
81804537
267595451
848067809
782994850
777682202
525721066
210373492
118911690
121264614
982203983
421036927
521304168
710285273
838399490
15229730
672989309
845023368
169891656
770569308
754652603
946455581
838085234
63425520
771155248
109604397
231458403
422992807
634404796
431414585
592125385
967889690
600869027
492438872
406014644
63585323
236253977
357322326
645576218
575741515
293162762
236398930
231126335
157374875
917536184
528880086
615774274
879708926
683403923
764609423
840611178
630373007
333531568
144247913
464303653
848293435
931937743
640346113
17357493
442874550
65249472
635110584
476828997
427647721
96987294
938586262
115086040
211977341
33259553
235699808
247559597
693922857
505697259
885972094
251794596
480222469
615215865
957503892
771008469
874374612
679290998
229759740
750806186
884918651
127727340
915466220
180737034
367998305
152247193
841735968
135699982
207159563
499413166
155893147
65220365
885160545
64333856
218920250
262368669
757290473
237815431
42954067
70145898
621846071
878029307
421185594
675383138
217011770
590643679
427130079
881260683
493908938
134727085
556280977
522801981
898156880
582256834
356266454
37417420
356789710
102348863
518354773
666020487
640910628
497863316
784360680
9759935
401671472
668236525
95737094
465653463
352507529
438068033
93522028
675493265
183156789
784487159
204165959
624181736
542833132
268566781
809749986
890293475
323750006
976646418
824262572
260305310
19431843
290311233
485475108
995884845
998167808
328823963
169364773
481841399
157768142
852818949
236800981
20111706
765130995
445909867
473898742
986875456
34219430
401568664
241926168
852054106
43656270
740165157
189921909
853209615
88177445
772699212
438224037
278798974
895224709
893680807
656390992
29695486
918950362
988916747
180594933
594288357
120799105
815397023
29710790
896918330
546885056
286346162
219885577
243582749
907615859
879025927
926692247
598067132
742872262
886789269
548187334
378080688
688236570
302376250
834120246
677491407
463430993
618656598
793934591
130998851
897401165
783240297
157246999
315372143
953145685
886453773
93883673
684039395
787526951
66781334
94274423
891102574
987551593
107982748
209662681
791330138
441616694
651177339
53876628
629245781
392242877
64859023
163338066
10138688
984325381
511020481
799404438
162192231
499362864
67325614
561185889
153301326
812907118
174027531
455300601
268710458
677365041
886092215
182265203
264080542
491166831
633366526
257953012
208781993
101243769
291429767
139576275
872035092
348095348
706201813
314450751
650558032
938500055
715591875
996546052
752538310
274820093
974248570
403900624
877310267
564344174
786015158
943352703
20682144
504333995
797772645
681428036
890408467
114656918
722533204
909447273
52963669
19344347
478306519
23709441
516904184
293178103
597083437
904916793
711738728
62093700
825719373
522369893
768767899
186219039
58040256
373105228
799383626
609740550
830668545
323636133
405607158
479072382
432777414
227194296
396668643
857567011
481970242
338964312
722551879
451215823
390834487
729120265
16851063
587186504
857054583
38364823
693339729
782006886
338512946
844853375
427250081
470904696
611909526
406680349
41687868
898137751
71908245
174751878
901223126
682478655
407456922
497780631
820638976
598577526
790096550
29650499
136915175
639729502
367840729
107631421
243828923
191358746
191799861
200438213
344044499
51111378
711072911
646144157
505233823
983657227
208067981
974406174
870850289
625874303
171642698
879994325
741039312
146014261
876293504
864962592
216285304
878661016
847546003
713739424
783369809
182223719
967290380
648515845
680786232
473584390
398315968
618257803
728074348
999857810
155544877
128843187
135904516
957761860
778749071
128541003
381825536
212433716
519543100
579894140
251288321
305203359
720402934
66933733
638749961
655114509
617182674
765297834
